1000

17.80635415116929 18.493594276914152 0.25 140 137 136
11.118752453511737 10.383726883759314 0.25 255 000 000
7.228717990548795 3.042405127920651 0.25 140 137 136
9.590469592058861 10.801632991922684 0.25 140 137 136
7.191259340202418 3.5734287040189416 0.25 140 137 136
3.3807745067299577 6.072679381915149 0.25 140 137 136
15.825241003446566 16.245281228319858 0.25 140 137 136
5.438558924150518 9.361579754461967 0.25 140 137 136
0.20073762854267985 8.63887068891713 0.25 140 137 136
5.801807340126597 7.632414199962705 0.25 140 137 136
16.25429266743685 0.7203137222912237 0.25 140 137 136
1.5187802511546122 15.35447405286823 0.25 140 137 136
18.617112429994148 10.721015057806156 0.25 140 137 136
10.810857416414425 12.224698796170443 0.25 140 137 136
14.655920569030735 7.7714599992724676 0.25 140 137 136
5.877060543215311 0.9717646485059817 0.25 140 137 136
16.12064829318793 6.738545617407857 0.25 140 137 136
18.13481176096857 7.732672129986316 0.25 140 137 136
6.500146038759491 4.9545646099677665 0.25 140 137 136
4.7110209694075085 14.543458150806574 0.25 140 137 136
12.519153790410375 15.389232716436519 0.25 140 137 136
15.642111350386214 1.161438025813255 0.25 140 137 136
4.166783728389145 16.304428072394916 0.25 140 137 136
7.511139279157481 1.7371711430613046 0.25 140 137 136
9.228804338541217 13.544605644312677 0.25 140 137 136
15.503050775712733 18.354112128675567 0.25 140 137 136
18.51172707853013 2.4127044062553593 0.25 140 137 136
6.709311988205684 0.9759249753889021 0.25 140 137 136
7.111250014457527 17.08344915866293 0.25 140 137 136
16.56207817615081 8.274609429308297 0.25 140 137 136
8.904845740604836 0.7102561349436964 0.25 140 137 136
9.55656511942518 12.239575869134523 0.25 140 137 136
15.245127975252469 12.6511789721955 0.25 140 137 136
6.725459108615109 5.462994967334098 0.25 140 137 136
9.955864036789269 19.55001324599837 0.25 140 137 136
12.879673719688217 15.983165830521422 0.25 140 137 136
19.41295443445804 12.90719364663331 0.25 140 137 136
6.674755075684438 6.923988099180505 0.25 140 137 136
5.198878233654199 15.468380296431341 0.25 140 137 136
8.144465743144371 19.388530230593734 0.25 140 137 136
6.582479835161774 9.655480263682268 0.25 140 137 136
9.9674461029843 9.234922153079507 0.25 140 137 136
5.855369944203326 6.0068433466570115 0.25 140 137 136
0.22350508939078084 10.718842263695255 0.25 140 137 136
19.2063989552617 13.679566045167483 0.25 140 137 136
9.08735046393367 15.573328849616603 0.25 140 137 136
11.081605708016477 16.039534244237213 0.25 140 137 136
19.046981163376472 15.734330044141839 0.25 140 137 136
14.225171064270743 7.0243813178959735 0.25 140 137 136
1.45518516835486 19.795123882797 0.25 140 137 136
12.34293807195429 7.269621126899768 0.25 140 137 136
13.574930532641044 12.717516076856878 0.25 140 137 136
14.19882042927155 4.787266347119932 0.25 140 137 136
10.841445113250694 8.032225795675414 0.25 140 137 136
11.39012481640994 19.947899044237687 0.25 140 137 136
7.832817452110397 8.232191943070035 0.25 140 137 136
10.256497116440055 16.573449953858916 0.25 140 137 136
11.521736967319303 1.1237111996390614 0.25 140 137 136
0.8478286752400743 0.3054282778623385 0.25 140 137 136
10.037255977478397 12.76041044527232 0.25 140 137 136
3.697802306489071 18.09960688236525 0.25 140 137 136
1.390483192394787 8.498420640076464 0.25 140 137 136
16.156183574378264 15.416116436575468 0.25 140 137 136
12.161055363489426 9.704500606682968 0.25 000 000 204
1.635784206512505 11.745705918171288 0.25 140 137 136
16.252161495018946 18.879713191757965 0.25 140 137 136
0.9939401353049626 18.96246101741871 0.25 140 137 136
3.610359896110289 11.314859599753078 0.25 140 137 136
14.075090496032265 8.995198057700014 0.25 140 137 136
11.160545151959465 13.105953709151814 0.25 140 137 136
8.416312488407169 15.992960120796289 0.25 140 137 136
5.210039789708416 19.98105059909811 0.25 140 137 136
3.0580352405714994 14.16869484240502 0.25 140 137 136
16.25703492990413 5.70723991527136 0.25 140 137 136
0.8725493884024038 3.2308994895267196 0.25 000 000 204
12.333114870905803 16.910943753341787 0.25 140 137 136
3.4069684772732245 9.531342828140767 0.25 140 137 136
19.51947926103654 15.424224581065737 0.25 140 137 136
16.349160662977905 9.631535639024033 0.25 140 137 136
8.347886803645295 4.190082992006259 0.25 140 137 136
2.7876887458337762 10.312275465229712 0.25 140 137 136
3.2077460249768075 2.302402805253254 0.25 000 000 204
1.4743757379775069 3.7944921025727685 0.25 000 000 204
10.224395661824772 7.553158181221862 0.25 140 137 136
7.556942046792803 19.293112847703714 0.25 140 137 136
8.33525302139558 8.916811721137465 0.25 140 137 136
11.691919375843794 5.876056873634048 0.25 140 137 136
15.75575232717773 12.020561306112596 0.25 140 137 136
2.005214040510186 11.105269447805092 0.25 140 137 136
12.084334969232959 2.7019172254294155 0.25 140 137 136
8.786750779605592 6.0246669399837005 0.25 140 137 136
14.928948328480256 10.372971485592156 0.25 140 137 136
14.014550395576391 0.5678717985234183 0.25 140 137 136
5.269523528927078 12.773996110175643 0.25 140 137 136
16.727941981760203 14.187299118341695 0.25 140 137 136
10.30039419124119 15.383693739478979 0.25 140 137 136
10.499035522372921 10.29553636805963 0.25 000 000 204
6.392664087678364 3.2223489622353796 0.25 140 137 136
9.903181298684231 4.606970166103077 0.25 140 137 136
19.21510545885916 7.510329220186853 0.25 140 137 136
6.353107268934924 3.7334355852267076 0.25 140 137 136
11.461749059353775 3.1881558548502853 0.25 140 137 136
11.98452959069746 11.795068685129756 0.25 140 137 136
13.376914258432704 19.32750961344919 0.25 140 137 136
3.282296485681877 7.839121114288361 0.25 140 137 136
7.645319583025789 5.033639698928067 0.25 140 137 136
14.740728218347357 4.398469531342681 0.25 140 137 136
11.57744332293272 7.178686977731035 0.25 140 137 136
1.9288843013777823 10.178721159085718 0.25 140 137 136
1.9862480650668823 0.6208415705238246 0.25 140 137 136
4.420916410026647 9.865011636414895 0.25 140 137 136
9.5744930209443 4.041409718810074 0.25 140 137 136
0.31778541190062404 0.04648574348895762 0.25 140 137 136
13.148182880464454 14.669825661801054 0.25 140 137 136
17.7874153241592 17.711032835427115 0.25 140 137 136
13.793119456024145 10.29291270487943 0.25 140 137 136
10.380247371154123 5.830254546601273 0.25 140 137 136
2.863186768704231 4.124340886426183 0.25 000 000 204
2.263466514522592 6.664835286361088 0.25 140 137 136
2.158525323504945 5.98201559370553 0.25 140 137 136
16.38243052344215 17.042868125686354 0.25 140 137 136
4.5554368506523835 3.8341285030126904 0.25 140 137 136
5.038831478802952 1.9276742332287133 0.25 140 137 136
18.33641436318797 6.084547359447658 0.25 140 137 136
2.0987584432670103 8.825971552073394 0.25 140 137 136
18.204264184612565 5.4178337017600064 0.25 140 137 136
19.74495805575657 0.9938743559807661 0.25 140 137 136
15.041045418376237 6.238160569878497 0.25 140 137 136
5.68719960609362 18.756951228026153 0.25 140 137 136
9.97568833451265 3.006942258280423 0.25 140 137 136
1.5496388888423707 2.5831217716240484 0.25 000 000 204
12.376681228393975 17.539647598224853 0.25 140 137 136
12.938207998471787 1.2592747647641689 0.25 140 137 136
18.717037462456833 14.55978867896357 0.25 140 137 136
15.513796807313014 0.23052512211027887 0.25 140 137 136
7.830093278141792 2.421250223036022 0.25 140 137 136
5.6649989050342064 19.39083079458326 0.25 140 137 136
12.020920719448569 18.645043173141175 0.25 140 137 136
4.350062539793694 5.627359170746155 0.25 140 137 136
11.550450058333958 3.8618417478557587 0.25 140 137 136
17.710400869610737 1.5842008683149755 0.25 140 137 136
13.684437934871585 1.048882864562053 0.25 140 137 136
7.156479523574872 18.292527050082676 0.25 140 137 136
15.814709392587076 7.405586738471916 0.25 140 137 136
7.492173192247673 6.075539835675993 0.25 140 137 136
0.5220898674122054 13.128566450425883 0.25 140 137 136
7.168099229441687 15.41076518936579 0.25 140 137 136
6.537396395200991 6.368650552286321 0.25 140 137 136
16.022212514839662 14.587481143051548 0.25 140 137 136
15.607181483330873 19.287334526058693 0.25 140 137 136
3.463167976797039 16.120836638193644 0.25 140 137 136
16.719008654510098 18.189388056530795 0.25 140 137 136
10.39224418174163 2.6683651547554987 0.25 140 137 136
15.292595686424184 14.085408007913161 0.25 140 137 136
5.7164301704447995 3.339930871510941 0.25 140 137 136
4.047805830963178 12.785645767650827 0.25 140 137 136
10.929743993700395 18.460884588706087 0.25 140 137 136
10.500802168923807 19.19485000137487 0.25 140 137 136
0.5642949793702035 9.417348960094632 0.25 140 137 136
2.8130859852343226 12.01295215341463 0.25 140 137 136
5.266828774431791 13.357483123173017 0.25 140 137 136
10.256093450552264 6.324709254427945 0.25 140 137 136
5.326518916117022 3.958163210702219 0.25 140 137 136
11.96090238559294 1.5889145621968437 0.25 140 137 136
12.15561928869224 16.32758507365771 0.25 140 137 136
19.83287272255175 8.908607475284784 0.25 140 137 136
18.587219418228756 1.4093223952811584 0.25 140 137 136
19.196671162570173 17.98819575780702 0.25 140 137 136
12.228722017271703 8.004467471136694 0.25 140 137 136
2.625312957963124 13.637087235917203 0.25 140 137 136
9.106873821028667 7.192579497110074 0.25 140 137 136
11.735703671641108 5.292163809189314 0.25 140 137 136
13.258591323379898 10.683823939710509 0.25 140 137 136
9.29899753181153 19.18039890909229 0.25 140 137 136
12.903599691936769 5.424365477676883 0.25 140 137 136
15.236943405134118 2.4185599620662046 0.25 140 137 136
18.55009082308165 17.657157058918127 0.25 140 137 136
13.216470067708716 5.882509504552651 0.25 140 137 136
1.8237449206120382 19.0481673874425 0.25 140 137 136
18.645633939523353 0.3866915130109083 0.25 140 137 136
19.262767426259757 10.310247293234703 0.25 140 137 136
3.463507136255992 13.180352254538779 0.25 140 137 136
12.675266736040122 2.58981684848989 0.25 140 137 136
9.32349583057639 4.879614252120133 0.25 140 137 136
6.637318909223431 14.66666127683148 0.25 140 137 136
14.546685557607413 2.1244565237864554 0.25 140 137 136
14.124736151735274 13.972054020226208 0.25 140 137 136
8.099935832767533 12.380740855447632 0.25 140 137 136
8.074733495529546 14.69768798757711 0.25 140 137 136
7.795329428822306 7.072031754969704 0.25 140 137 136
4.233436683476652 11.903703070102727 0.25 140 137 136
13.375632153572681 3.1773205969153184 0.25 140 137 136
0.03184602709227491 18.3358332215382 0.25 140 137 136
2.7926653852683647 19.47976929461688 0.25 140 137 136
18.98658801219797 0.8732479092505008 0.25 140 137 136
14.426589192520602 10.467503570301009 0.25 140 137 136
0.1050746334436603 17.440424264168183 0.25 140 137 136
16.764516419371333 1.6690118158253542 0.25 140 137 136
1.6064327849337134 9.385587862130247 0.25 140 137 136
13.974990873578378 17.473081399487647 0.25 140 137 136
16.027603917279464 18.399258543912048 0.25 140 137 136
18.421221785026884 4.863515072477065 0.25 140 137 136
11.249275362075753 13.622211162727815 0.25 140 137 136
14.453595982457909 5.504410181812549 0.25 140 137 136
12.001745709822115 9.075899030482415 0.25 140 137 136
11.698974341333784 17.587570475768434 0.25 140 137 136
2.498914213734096 18.231525440000155 0.25 140 137 136
1.0474501522737345 6.962013654561165 0.25 140 137 136
9.785700605690304 13.688784679905586 0.25 140 137 136
15.17383240607678 11.359620798383666 0.25 140 137 136
12.296731293757288 10.417337443412817 0.25 000 000 204
1.1772078869755531 1.2435332708940439 0.25 140 137 136
10.824746042337354 14.94343390781135 0.25 140 137 136
17.51284209523631 8.194629239009119 0.25 140 137 136
10.255273296382555 3.518217140302722 0.25 140 137 136
17.309205909377027 5.88174393953794 0.25 140 137 136
9.54514015265842 5.834561399930203 0.25 140 137 136
12.023046862433963 15.638628174342807 0.25 140 137 136
8.92400238644309 11.090994120158761 0.25 140 137 136
11.997072426794567 13.209927681649985 0.25 140 137 136
2.0207785301601144 15.662101533980106 0.25 140 137 136
7.051966095151341 2.48722267432961 0.25 140 137 136
10.25107870612079 8.821726810419605 0.25 140 137 136
7.0785371982991485 7.491065499786851 0.25 140 137 136
14.180454397513556 11.42972225055807 0.25 140 137 136
16.419271308982527 13.490933382152813 0.25 140 137 136
18.138764943630783 1.972667254149647 0.25 140 137 136
6.419953653455231 19.96791234813863 0.25 140 137 136
18.733953070155597 11.865765573833027 0.25 140 137 136
8.267015630838028 13.275474010302029 0.25 140 137 136
19.9099132284666 7.081418480882484 0.25 140 137 136
19.094367026557716 15.02910552279435 0.25 140 137 136
4.454037143002489 3.133291053611005 0.25 140 137 136
6.540521917775813 15.555510203982905 0.25 140 137 136
4.360876605769361 4.712883484908346 0.25 140 137 136
11.500590238065547 11.372895721649762 0.25 000 000 204
3.145733724492601 1.4262343436365787 0.25 140 137 136
14.031553686843214 13.425387866930036 0.25 140 137 136
0.6826279737210394 16.355509883170093 0.25 140 137 136
8.953518915060263 17.15995143224004 0.25 140 137 136
18.42010004122351 8.317364448260445 0.25 140 137 136
11.488780645528278 9.572916423062328 0.25 000 000 204
6.0760689813165225 7.20154258935243 0.25 140 137 136
12.9288681939532 4.587086716416568 0.25 140 137 136
3.2336859415045183 18.83792363064558 0.25 140 137 136
2.9780171968755575 16.631894657654534 0.25 140 137 136
13.98106387169774 18.12733383899311 0.25 140 137 136
2.081350166351088 7.368221033793018 0.25 140 137 136
11.586002699012317 7.779256871834361 0.25 140 137 136
13.364268340111634 18.38282579319631 0.25 140 137 136
17.23307363561629 10.178008779467385 0.25 140 137 136
13.083553339270145 9.089698639313948 0.25 140 137 136
8.195616866961583 1.8941011459871904 0.25 140 137 136
13.511155969638848 8.821312642031305 0.25 140 137 136
0.7044452533630752 4.573212711788046 0.25 140 137 136
5.570142156106705 16.312403876354747 0.25 140 137 136
14.184686261404991 16.67151812218219 0.25 140 137 136
0.8939687005127639 2.253953790905212 0.25 140 137 136
17.38282921379216 9.584921481183839 0.25 140 137 136
10.607566380819954 2.1606402744203157 0.25 140 137 136
10.943367004146474 4.942544151759818 0.25 140 137 136
16.78286891738808 3.411945818050235 0.25 140 137 136
1.7084213259272119 14.229043043453453 0.25 140 137 136
10.508351921263264 19.70081627603706 0.25 140 137 136
19.505671175881403 11.663217042049709 0.25 140 137 136
4.895712555283258 0.9178024096385817 0.25 140 137 136
15.164535219003255 7.352557002087039 0.25 140 137 136
14.817444419756809 3.4446314031252134 0.25 140 137 136
13.357959154867894 12.073234182030504 0.25 140 137 136
7.699066543989654 13.256290223588906 0.25 140 137 136
12.722819574262896 12.036321940873991 0.25 140 137 136
14.972524151513198 9.051859113516443 0.25 140 137 136
19.12551340547995 6.662821045309948 0.25 140 137 136
15.883991669888669 3.467733485945048 0.25 140 137 136
13.854674698793952 19.673872163514655 0.25 140 137 136
8.370430276570993 5.539986708447959 0.25 140 137 136
17.315198912381188 13.942546832585222 0.25 140 137 136
17.70807184494342 6.614433602689937 0.25 140 137 136
10.198525173169735 8.269848679864001 0.25 140 137 136
2.6395832887050252 7.878508211362614 0.25 140 137 136
12.828551264961431 14.158067928108387 0.25 140 137 136
5.414058007045945 8.164375067714438 0.25 140 137 136
9.814136391173696 17.17948712269927 0.25 140 137 136
5.236588758780993 6.09303309453291 0.25 140 137 136
9.9411968731658 5.349319425155745 0.25 140 137 136
3.9764761643138757 6.717823130453924 0.25 140 137 136
7.902400799601512 11.02917514312584 0.25 140 137 136
17.74001175587484 14.924803446239348 0.25 140 137 136
19.118886860739913 4.85856621606684 0.25 140 137 136
15.011779723601258 18.93822917387058 0.25 140 137 136
7.885748001191102 2.960342482169842 0.25 140 137 136
19.94675042964968 0.5133317096068324 0.25 140 137 136
14.523407631524684 17.489750003637173 0.25 140 137 136
14.110344672454616 15.469885857698301 0.25 140 137 136
4.836669315747882 16.349355247737186 0.25 140 137 136
16.91018305313405 4.400299881387344 0.25 140 137 136
17.842099558710625 10.030444475179717 0.25 140 137 136
16.863517580392635 2.7433731088665447 0.25 140 137 136
17.309086813029026 19.12709104585035 0.25 140 137 136
0.7725503163133207 8.330976333677908 0.25 140 137 136
11.806849739247774 19.21334772010885 0.25 140 137 136
9.750804768559465 11.685915562140874 0.25 140 137 136
1.6323517880303862 6.097575892362846 0.25 140 137 136
8.327067375798737 18.296838354459553 0.25 140 137 136
9.865372372881161 7.134037256497134 0.25 140 137 136
10.77420292513346 1.5117774330124911 0.25 140 137 136
8.391142235804905 8.344650853067623 0.25 140 137 136
18.149480204916845 19.532873438477175 0.25 140 137 136
6.0249999834190415 10.46829893651056 0.25 140 137 136
7.561809012768115 11.526071102632706 0.25 140 137 136
15.47795608270379 10.364370126389177 0.25 140 137 136
1.7763132090628808 18.15100786620689 0.25 140 137 136
9.443242238623938 0.6450393828767398 0.25 140 137 136
4.792423689868885 2.6398435826658173 0.25 140 137 136
5.657297170615195 10.120873779079243 0.25 140 137 136
4.488459678923842 1.3187381396781839 0.25 140 137 136
8.829885552357048 14.222758816851071 0.25 140 137 136
16.835385568127997 6.178199780473815 0.25 140 137 136
15.14991466167184 15.0452657785376 0.25 140 137 136
4.6012901453392985 8.851543990680552 0.25 140 137 136
2.727269206684879 14.5770437471577 0.25 140 137 136
1.2219096738586632 10.990536496055146 0.25 140 137 136
17.90595221209016 2.9234301817736896 0.25 140 137 136
19.93798837946007 12.480045111743808 0.25 140 137 136
13.387095089336547 13.25284451737077 0.25 140 137 136
10.49300331470831 13.126879664063399 0.25 140 137 136
5.122056842794958 19.377752349496888 0.25 140 137 136
2.593303252904029 2.014147326795359 0.25 000 000 204
16.818446324513765 12.765544535182887 0.25 140 137 136
18.07515019497098 13.66342327179842 0.25 140 137 136
17.72314499519213 11.889538445997935 0.25 140 137 136
6.708363433961004 8.322473163923537 0.25 140 137 136
18.787185936095455 9.602229725088726 0.25 140 137 136
14.211495758873511 1.5712074806270793 0.25 140 137 136
19.42212643692004 12.23990562480082 0.25 140 137 136
10.63288629510975 7.1805770210042 0.25 140 137 136
3.543244410964017 10.26884238414909 0.25 140 137 136
12.857284611725033 3.392119548605339 0.25 140 137 136
18.808808892189436 5.387215913695574 0.25 140 137 136
2.7299723928163 6.178623575097855 0.25 140 137 136
14.986097257409893 16.965851806537835 0.25 140 137 136
0.03293623545357116 7.092717394944678 0.25 140 137 136
11.374865778522707 14.27540934507681 0.25 140 137 136
8.711031397728725 1.4798380659594024 0.25 140 137 136
0.5137022927125545 11.48216405386182 0.25 140 137 136
5.1091704550883925 14.041375927045838 0.25 140 137 136
18.866722128221852 6.026164431186527 0.25 140 137 136
0.23797187425159239 2.4694621242337367 0.25 140 137 136
17.111932708540692 17.49091321309752 0.25 140 137 136
0.22092344916461837 0.8347961782686064 0.25 140 137 136
15.658028074995674 9.733752000468815 0.25 140 137 136
6.157910041911244 11.90367051273702 0.25 140 137 136
2.4050596435512084 9.239218870361318 0.25 140 137 136
19.853920964357133 10.593364640379333 0.25 140 137 136
12.149937215463169 18.117342585773773 0.25 140 137 136
8.991021927395582 4.073923181029519 0.25 140 137 136
5.96608925564375 17.514528404273573 0.25 140 137 136
11.932902433146541 14.15201540376669 0.25 140 137 136
13.548791579532677 16.731001235246165 0.25 140 137 136
9.90685202410458 10.275001007535336 0.25 000 000 204
6.904596928055032 12.798648130209031 0.25 140 137 136
2.313565165274043 3.4726960465956247 0.25 255 000 000
0.9332927893822007 17.136795208244834 0.25 140 137 136
4.618265609330326 13.103250550230847 0.25 140 137 136
11.088018971813554 0.10197337164389086 0.25 140 137 136
12.85194762200343 16.639540335849677 0.25 140 137 136
0.011452278819519268 5.229279637861826 0.25 140 137 136
18.35990013804215 13.167983080353434 0.25 140 137 136
1.7717097576190377 5.1214519028539325 0.25 140 137 136
10.88502687435443 0.9332771316344446 0.25 140 137 136
17.990847195887508 16.014363139429697 0.25 140 137 136
5.351371854942815 18.31130580908092 0.25 140 137 136
14.577227346258246 9.708798913664188 0.25 140 137 136
17.143085402508444 14.469351215007011 0.25 140 137 136
18.757476771763436 16.49069823746696 0.25 140 137 136
15.512501293841767 1.9535222083964876 0.25 140 137 136
9.377587806394867 1.8748038719709492 0.25 140 137 136
6.539983682869847 17.57724952184431 0.25 140 137 136
8.724862247123731 12.37429451403121 0.25 140 137 136
8.863696535248355 10.548943794480865 0.25 140 137 136
16.105859779129528 8.731854074324538 0.25 140 137 136
15.568805562997081 6.41540004777005 0.25 140 137 136
18.827086741441278 12.389409366224983 0.25 140 137 136
4.266455250780579 17.836830699443425 0.25 140 137 136
2.6660130387906733 5.357947871404207 0.25 140 137 136
1.096831533103293 14.787213542836264 0.25 140 137 136
3.2769418040978526 17.285223579446043 0.25 140 137 136
16.59043646021174 9.026909093505214 0.25 140 137 136
16.93326302223056 5.396121059181825 0.25 140 137 136
14.30034811189927 3.9469185949363306 0.25 140 137 136
14.22958176949665 18.612080611857515 0.25 140 137 136
10.124440913130684 0.7052842524182812 0.25 140 137 136
14.950659275815264 0.11052485074980689 0.25 140 137 136
15.164773964777908 1.5597392141971178 0.25 140 137 136
15.8197073962463 5.197428256453618 0.25 140 137 136
17.97848418943009 10.583013280036408 0.25 140 137 136
19.04151222171461 19.519774577089116 0.25 140 137 136
7.589576147034145 16.75503770651525 0.25 140 137 136
19.651260627404202 5.722167810700183 0.25 140 137 136
9.726636557479685 16.522637589059414 0.25 140 137 136
0.019945799045251178 16.001667171303197 0.25 140 137 136
0.4095685771480162 7.658401976559739 0.25 140 137 136
5.772588869518884 2.6642486750804517 0.25 140 137 136
11.256388496279708 19.11010748050008 0.25 140 137 136
7.71922324135113 0.5527619572392273 0.25 140 137 136
10.728316547070001 3.2161267903801516 0.25 140 137 136
3.513901633075196 11.831208119719157 0.25 140 137 136
16.58988062963485 4.9186242287950765 0.25 140 137 136
4.3035147832139415 8.061165749977214 0.25 140 137 136
18.48373706883239 10.220181315642623 0.25 140 137 136
9.657666672228185 17.856132236848286 0.25 140 137 136
13.641635670315896 3.7877473613216472 0.25 140 137 136
1.1722360534307907 14.232406540649336 0.25 140 137 136
18.11440776536888 3.64193816766599 0.25 140 137 136
4.344709714408768 2.039097027534269 0.25 140 137 136
3.2754991303519 4.44911651423741 0.25 000 000 204
2.7477434266475775 4.691126901360736 0.25 000 000 204
17.286971050016074 18.438686685844242 0.25 140 137 136
16.615554691603407 19.686907985408755 0.25 140 137 136
18.489292321457906 19.92227496494516 0.25 140 137 136
8.771429905579893 19.606498326939935 0.25 140 137 136
10.914044736566098 8.962079252539796 0.25 000 000 204
15.344797426395472 8.610282492502142 0.25 140 137 136
8.189340219160059 9.741524208497111 0.25 140 137 136
19.090174973348336 8.339618174993738 0.25 140 137 136
7.09402956145448 10.281252406978181 0.25 140 137 136
1.2367842272716945 13.518451400442824 0.25 140 137 136
0.43539149693186063 18.70781584398642 0.25 140 137 136
1.0718779136767975 5.7976771996315986 0.25 140 137 136
5.086492085407559 9.969495183361179 0.25 140 137 136
3.5556773009924147 9.02821171244913 0.25 140 137 136
5.846141348096722 18.22621443290876 0.25 140 137 136
13.488799111550815 0.3290580775640706 0.25 140 137 136
0.17890162999721237 15.18560352939697 0.25 140 137 136
18.146701830481355 9.605423895453951 0.25 140 137 136
6.123318677854652 5.509240874515551 0.25 140 137 136
15.739365734472013 15.113128581796598 0.25 140 137 136
19.698384747596872 14.017054326469358 0.25 140 137 136
7.261411027948082 1.1898738008486842 0.25 140 137 136
16.83514428578053 11.817485025195047 0.25 140 137 136
13.802503683433844 10.797790237525133 0.25 140 137 136
3.5653021267448026 19.87936852504817 0.25 140 137 136
7.905995731921336 14.071863702719089 0.25 140 137 136
1.4082953110797436 4.737416438145614 0.25 140 137 136
19.488470829554185 18.594901505898218 0.25 140 137 136
13.541212654356789 16.017946803553976 0.25 140 137 136
5.857994488129686 13.38171155844866 0.25 140 137 136
18.894579149037487 3.722702682358383 0.25 140 137 136
12.141819725079127 15.033726530473988 0.25 140 137 136
1.44849983087046 16.221521760726592 0.25 140 137 136
15.220190829129521 16.04975051674557 0.25 140 137 136
12.733821476767307 6.297817532882082 0.25 140 137 136
1.8366136490778384 3.278791869131128 0.25 000 000 204
8.87424695381913 1.980445216324842 0.25 140 137 136
3.7100574215459226 7.480682408777046 0.25 140 137 136
6.464688805371946 18.92592229711382 0.25 140 137 136
10.722131307049125 13.840101862103767 0.25 140 137 136
12.564902380669071 11.145635340988749 0.25 140 137 136
17.02558589933926 10.698023118029285 0.25 140 137 136
11.101881787681421 5.656480249134043 0.25 140 137 136
9.065308266348858 5.383861989323893 0.25 140 137 136
8.46380540331047 2.703053922279499 0.25 140 137 136
17.19477806685832 16.94628664431545 0.25 140 137 136
13.175447985461968 7.097062888869585 0.25 140 137 136
16.21508506376624 4.032561689116894 0.25 140 137 136
16.882473048894862 0.18948267199310198 0.25 140 137 136
11.16709630170304 17.69779325660845 0.25 140 137 136
17.30734735699312 3.640996902921181 0.25 140 137 136
16.92017269304918 2.1738940939914886 0.25 140 137 136
8.802177806355107 8.631801629758174 0.25 140 137 136
7.414124747163038 19.864374894017537 0.25 140 137 136
13.514429050421024 13.910320688204825 0.25 140 137 136
14.423589478305935 2.651601945577655 0.25 140 137 136
6.776769297167153 12.314608763106712 0.25 140 137 136
19.517003433353587 9.36574845760224 0.25 140 137 136
3.3908282966817027 8.385003064443438 0.25 140 137 136
6.4846935441693425 1.6346162632686023 0.25 140 137 136
15.164739255199919 12.118079655012263 0.25 140 137 136
5.0837550287176185 17.763072030642622 0.25 140 137 136
3.2308064757563604 3.457851481205536 0.25 000 000 204
18.669330059958174 8.820698390066216 0.25 140 137 136
0.3597935956248044 19.43884742282631 0.25 140 137 136
13.769159499407316 4.390709234910211 0.25 140 137 136
5.516864106249084 6.510392120454227 0.25 140 137 136
3.3105760055156597 10.8605822464927 0.25 140 137 136
18.504061034722888 18.42621412896189 0.25 140 137 136
3.7264447587537552 13.751552265211078 0.25 140 137 136
6.5746284553303 13.38318886930913 0.25 140 137 136
0.15947444212169204 9.731241544366577 0.25 140 137 136
0.5280962006192014 6.886958247754949 0.25 140 137 136
12.661076065396868 12.981718204311367 0.25 140 137 136
19.82188285258885 17.317269992558508 0.25 140 137 136
17.52517416033538 12.73558886475923 0.25 140 137 136
1.7142393694457514 12.51468367998934 0.25 140 137 136
3.9624390228837703 19.160849363297277 0.25 140 137 136
19.690212131447396 1.9930065354873094 0.25 140 137 136
16.607044746743632 11.204470296260286 0.25 140 137 136
6.174560163866964 16.207549502429345 0.25 140 137 136
0.2941772382243446 1.6197964161363054 0.25 140 137 136
13.423790248855013 17.223078301616205 0.25 140 137 136
9.218967432403005 2.556769504596219 0.25 140 137 136
17.861193915321685 19.058533586081253 0.25 140 137 136
7.57362590682763 9.24566443999021 0.25 140 137 136
7.804619479328987 10.524885475993656 0.25 140 137 136
13.23186515069894 4.130206674092278 0.25 140 137 136
15.456839601028825 5.895707715272042 0.25 140 137 136
3.9381049664509327 4.197295257093914 0.25 140 137 136
2.5884816042675274 2.655840628357522 0.25 000 000 204
6.739178319319659 4.414640050333773 0.25 140 137 136
9.223051443964822 16.261888746334666 0.25 140 137 136
16.028349911150098 11.577472269613466 0.25 140 137 136
5.555283695666358 14.834176823282908 0.25 140 137 136
14.613821871557267 18.279062031374952 0.25 140 137 136
13.362009244331315 9.575647240752902 0.25 140 137 136
5.887797725048303 1.87780395408359 0.25 140 137 136
17.11654453971341 7.234038319554634 0.25 140 137 136
12.100541915297258 4.010515368292717 0.25 140 137 136
14.666877795376106 15.190407081359385 0.25 140 137 136
7.226557965887094 14.410517839469794 0.25 140 137 136
9.976068418044688 1.5116749912429817 0.25 140 137 136
5.5936235390083455 1.4668655477290282 0.25 140 137 136
1.6294825405128122 13.029000061376426 0.25 140 137 136
8.583003153582197 15.448149949439943 0.25 140 137 136
2.239153279732602 14.13180081897978 0.25 140 137 136
14.162478462285755 6.220090403206051 0.25 140 137 136
8.780223717388374 9.643567020004259 0.25 140 137 136
8.033763174062765 6.622763112535111 0.25 140 137 136
8.337780291393944 7.834929100342835 0.25 140 137 136
10.923336089408366 9.472759303933802 0.25 000 000 204
19.70951519384219 16.40266254345532 0.25 140 137 136
5.951435454018974 15.340616387104525 0.25 140 137 136
11.675548492219344 6.675983046701736 0.25 140 137 136
18.084184429462763 16.93806784228213 0.25 140 137 136
4.968626581211188 6.6772882438030585 0.25 140 137 136
14.671879524726295 6.6561800768759944 0.25 140 137 136
17.92145741119726 4.232479811519221 0.25 140 137 136
11.384453448954947 15.376636509634674 0.25 140 137 136
10.324329503980481 14.469994813290516 0.25 140 137 136
4.234921700515031 15.587847090542091 0.25 140 137 136
19.199744671778397 19.044981747727874 0.25 140 137 136
6.545709228915797 11.548790360573108 0.25 140 137 136
13.273228996923269 15.439968907679688 0.25 140 137 136
8.41238500359507 13.946583636132068 0.25 140 137 136
2.88979379536225 15.418864635589289 0.25 140 137 136
19.193171310833584 11.237809013576614 0.25 140 137 136
19.98577216474753 11.285105001165697 0.25 140 137 136
14.121771739418321 19.189934604337907 0.25 140 137 136
6.75587757219307 16.07715349856768 0.25 140 137 136
15.159297041171666 17.6918692152364 0.25 140 137 136
16.925200398765092 15.797052564342128 0.25 140 137 136
19.002216001308085 17.003113347104033 0.25 140 137 136
0.2359715983526267 4.148646838532772 0.25 140 137 136
5.405972474773035 5.542117487762511 0.25 140 137 136
7.12602830742076 9.470764135846421 0.25 140 137 136
11.472273700392286 18.251273661514663 0.25 140 137 136
6.1016155145922335 0.4182284835908123 0.25 140 137 136
14.31932986595399 14.75730315966042 0.25 140 137 136
13.934575757553878 2.5450430889415143 0.25 140 137 136
18.219458852460043 14.340623590079044 0.25 140 137 136
0.23500203535570918 6.2722359361186335 0.25 140 137 136
6.940783489318489 1.9518047049360132 0.25 140 137 136
10.12175950491537 10.962040230759714 0.25 000 000 204
0.6044812258473842 15.714345129784732 0.25 140 137 136
15.779896125462194 8.179371426834157 0.25 140 137 136
4.7959208684295085 12.114572784002073 0.25 140 137 136
1.8832373714389905 1.2956224932349758 0.25 140 137 136
9.49001493091002 8.223526447325224 0.25 140 137 136
5.9426948224937455 11.357863093102491 0.25 140 137 136
13.18083807013232 7.815156573987771 0.25 140 137 136
19.318967828069304 8.812100811416652 0.25 140 137 136
15.685652159862043 9.123860282172293 0.25 140 137 136
17.568580105034105 8.840522038066915 0.25 140 137 136
19.7313148323082 6.2165405739642825 0.25 140 137 136
17.73814004086478 7.202218593312148 0.25 140 137 136
8.690118671530893 5.001796791733087 0.25 140 137 136
11.598644562635238 2.5216500884212545 0.25 140 137 136
18.65367531892361 13.713819294364045 0.25 140 137 136
8.093119058528881 4.630281155717475 0.25 140 137 136
16.95684419517466 15.183732914904937 0.25 140 137 136
19.511353337506815 3.8812446043039928 0.25 140 137 136
14.453898974374324 8.482998864988735 0.25 140 137 136
8.992081449448568 3.135880041097845 0.25 140 137 136
2.6492520840863576 13.077385519512049 0.25 140 137 136
12.757044454615043 2.018558001821855 0.25 140 137 136
9.735878088557461 13.17642512397909 0.25 140 137 136
15.793540693115254 17.147719951022875 0.25 140 137 136
11.964297413165362 0.5894339584468078 0.25 140 137 136
5.577177373743152 12.24644570690381 0.25 140 137 136
14.968010488205925 2.8563523798709323 0.25 140 137 136
4.3965482416873165 17.329399633884595 0.25 140 137 136
14.61919349130827 12.233274525887175 0.25 140 137 136
17.03483874937428 0.7323249733913162 0.25 140 137 136
5.172785998485883 3.305256792271789 0.25 140 137 136
3.6612888797275955 0.9656812084752708 0.25 140 137 136
5.205554740623269 11.025703924619982 0.25 140 137 136
10.165099667189402 12.172414362787675 0.25 140 137 136
10.524729428200514 4.094651451099902 0.25 140 137 136
11.066553032525945 16.650532664070003 0.25 140 137 136
7.190551249556261 5.249713436068508 0.25 140 137 136
6.663208216861487 0.33052620466825333 0.25 140 137 136
4.725416603427708 4.366508490339531 0.25 140 137 136
11.327525553871947 4.439000265341946 0.25 140 137 136
6.61130202861983 9.117571509059495 0.25 140 137 136
6.481769239369315 2.181786768561347 0.25 140 137 136
0.5199309143861819 17.856011589049704 0.25 140 137 136
3.974870304776381 14.835402169110035 0.25 140 137 136
17.603108096017856 11.254427073702619 0.25 140 137 136
12.132264722962509 2.1104526727181927 0.25 140 137 136
4.615431541710786 15.192996521195445 0.25 140 137 136
8.399960297779232 11.221647352153026 0.25 140 137 136
19.35075340465396 3.399327995967487 0.25 140 137 136
6.485119475438205 16.91117513888482 0.25 140 137 136
8.200013578970777 6.029585535566586 0.25 140 137 136
2.3741232269379764 19.172304990204495 0.25 140 137 136
9.527030341136838 14.784694859562206 0.25 140 137 136
7.984243490111636 18.707914769659762 0.25 140 137 136
10.645270366671824 11.117785938820496 0.25 000 000 204
14.840646024632868 19.96576424224085 0.25 140 137 136
9.8757929046986 2.1137382975930663 0.25 140 137 136
19.748991293540705 5.184435722017824 0.25 140 137 136
1.1949176352419633 12.453956913485676 0.25 140 137 136
15.648130069060278 13.282806895297508 0.25 140 137 136
10.385514989133387 18.59555111470874 0.25 140 137 136
8.230010428430596 0.177858859020954 0.25 140 137 136
13.613441089237936 11.29897603996624 0.25 140 137 136
13.715082193350042 8.221309899981462 0.25 140 137 136
5.919751865419103 4.1767441527317395 0.25 140 137 136
4.241925217492836 10.485581082462277 0.25 140 137 136
2.4584333117482093 0.3563781653435494 0.25 140 137 136
7.8253864648493465 3.912679456728154 0.25 140 137 136
9.017206433806455 14.773839566258955 0.25 140 137 136
13.502764163183665 4.8657750616222595 0.25 140 137 136
8.38977721449523 16.59095238918067 0.25 140 137 136
3.688877917320268 17.57862998923063 0.25 140 137 136
7.21123626918031 13.770519619311985 0.25 140 137 136
16.308916550376942 2.8439581472031716 0.25 140 137 136
3.4615881262389836 12.513666008379989 0.25 140 137 136
12.303504068040553 5.6883356672658625 0.25 140 137 136
4.488778855176632 7.202709844076216 0.25 140 137 136
1.6474357366377324 16.94135943666703 0.25 140 137 136
16.166795191633884 1.4836458004218822 0.25 140 137 136
2.7816724460934306 11.37687151672518 0.25 140 137 136
12.196936616962905 6.46903474229225 0.25 140 137 136
19.72613748322781 13.378191919362143 0.25 140 137 136
3.1787273897790036 6.94609234921149 0.25 140 137 136
18.87951848375998 1.9265861330184886 0.25 140 137 136
6.403847436315761 12.75871453199567 0.25 140 137 136
9.896140335805104 18.745392731074805 0.25 140 137 136
4.675030038139836 18.962375237124952 0.25 140 137 136
11.052766087705239 7.502970416811284 0.25 140 137 136
3.8796157623718686 1.543148662724323 0.25 140 137 136
15.42589683369798 19.89919051458591 0.25 140 137 136
13.810381765725863 7.422212326673763 0.25 140 137 136
9.461537655852545 6.4160220717168475 0.25 140 137 136
12.21786151809697 3.2241336007377863 0.25 140 137 136
3.1287630585617565 18.226539290472196 0.25 140 137 136
0.6704258879949121 14.122321487178578 0.25 140 137 136
5.754337282932715 13.9024730797353 0.25 140 137 136
15.210714995292145 8.046178305233775 0.25 140 137 136
16.094620562552677 4.737100495501254 0.25 140 137 136
14.46069488930055 15.863663839320509 0.25 140 137 136
3.2269427630285796 0.3505987286708656 0.25 140 137 136
2.644256195076251 17.464326117102004 0.25 140 137 136
16.425822106716378 12.24108226449072 0.25 140 137 136
0.11802700104838193 13.573289223506698 0.25 140 137 136
12.410135308803795 14.444788995535916 0.25 140 137 136
9.316653644357885 0.033591299443633815 0.25 140 137 136
18.159068821052294 12.684025916236731 0.25 140 137 136
4.4681241893033725 6.363965557815701 0.25 140 137 136
2.1032535568834643 16.49434175219872 0.25 140 137 136
6.572047509736379 10.228153302942642 0.25 140 137 136
1.2535595785299547 7.785618281901585 0.25 140 137 136
11.529394858620405 16.945047109018216 0.25 140 137 136
13.263996377162595 1.9127202019820588 0.25 140 137 136
12.653197276659249 18.00830874185219 0.25 140 137 136
11.84837196158801 4.751633210942217 0.25 140 137 136
12.96536869046027 13.65446679667703 0.25 140 137 136
12.248406783471616 19.804969985902684 0.25 140 137 136
2.619978435385928 7.28570623410238 0.25 140 137 136
5.5076151959579995 4.4798552390136726 0.25 140 137 136
6.099738098841076 14.726557265139759 0.25 140 137 136
17.47310057531321 5.006737490843047 0.25 140 137 136
3.635090989005265 5.039670366207734 0.25 140 137 136
0.8878955828267809 5.293783016028344 0.25 140 137 136
2.5629678238126896 15.887568514550047 0.25 140 137 136
7.055042017192246 11.114844889345402 0.25 140 137 136
17.63053772182252 2.412990853982133 0.25 140 137 136
12.773599264565988 8.609733021728005 0.25 140 137 136
18.466365341512137 11.252494805132269 0.25 140 137 136
13.398519363079586 2.3999526635477197 0.25 140 137 136
12.003967589477682 10.837824018151519 0.25 000 000 204
5.542639905542741 0.13540404561023456 0.25 140 137 136
16.11706565973941 10.685596950397917 0.25 140 137 136
19.995935962330556 8.003773544699966 0.25 140 137 136
8.502567188138775 6.816014378706177 0.25 140 137 136
10.94300976071342 6.5137130189359045 0.25 140 137 136
4.301463485636974 0.10939911614586073 0.25 140 137 136
0.677481148347292 12.178629701050097 0.25 140 137 136
16.145819776794347 19.869610478726266 0.25 140 137 136
17.978467966142752 0.7669541090936449 0.25 140 137 136
12.52688408487878 19.045555027097677 0.25 140 137 136
2.1256875948790666 13.281888907661186 0.25 140 137 136
17.036160407768968 13.311478387484406 0.25 140 137 136
4.7658666126493365 11.432036188405064 0.25 140 137 136
2.0477728049786736 4.5475226343438475 0.25 000 000 204
4.75818510453794 15.7403493444714 0.25 140 137 136
13.621422738949162 6.708845303464994 0.25 140 137 136
9.491395990877576 3.1752530960237157 0.25 140 137 136
0.720863257863853 15.193267767297804 0.25 140 137 136
13.651786487361957 14.946719706901227 0.25 140 137 136
12.309317141924549 12.546221806902057 0.25 140 137 136
5.729304788945175 5.129249997755543 0.25 140 137 136
16.444253163838468 7.406599631264079 0.25 140 137 136
7.649111629204704 17.92260033522534 0.25 140 137 136
2.797528338830426 1.0630620487613496 0.25 140 137 136
14.263009466712964 3.3769974371385647 0.25 140 137 136
10.367721846025798 17.686332785314516 0.25 140 137 136
8.920316008312879 17.714619501838648 0.25 140 137 136
14.674464218722129 13.95280256983072 0.25 140 137 136
5.119356044932031 7.167440002160548 0.25 140 137 136
1.9862949038506539 14.650573440158404 0.25 140 137 136
11.652820038303261 8.502307551320964 0.25 140 137 136
15.05789506541844 13.34584112225781 0.25 140 137 136
7.290998759244878 16.098130626491223 0.25 140 137 136
11.617967452386178 12.18120347084609 0.25 140 137 136
8.485295578213323 18.8798774407132 0.25 140 137 136
12.212797366889854 8.522135329428426 0.25 140 137 136
6.671253652089386 19.423588305289808 0.25 140 137 136
10.33530679902712 11.678926867034956 0.25 140 137 136
18.503445104715976 6.775266526269446 0.25 140 137 136
2.006498094591842 17.604726289506324 0.25 140 137 136
8.056398753695788 17.392140743893187 0.25 140 137 136
5.928603380536495 9.146760427774474 0.25 140 137 136
12.542217739986576 4.977252449274713 0.25 140 137 136
2.480454837387125 16.91273254570139 0.25 140 137 136
8.865817103445359 11.866900303505837 0.25 140 137 136
5.096280359379026 17.01372409310661 0.25 140 137 136
1.7823541371035478 0.06124099937336425 0.25 140 137 136
1.3863849151654484 17.555910086689863 0.25 140 137 136
14.581185465350215 1.2078864804753109 0.25 140 137 136
14.481267672503595 12.857926420436938 0.25 140 137 136
19.141871676915002 2.8138657101920206 0.25 140 137 136
12.371831477670574 4.445729594026382 0.25 140 137 136
13.097709997619344 10.12069433380665 0.25 140 137 136
2.259384116258867 12.45210972648209 0.25 140 137 136
16.076461600826626 2.042402311585172 0.25 140 137 136
18.495871336333693 3.0961440975862753 0.25 140 137 136
9.396593265060218 14.198453368116109 0.25 140 137 136
12.473834912298695 0.5937945628428265 0.25 140 137 136
14.603395524887295 11.08496046231968 0.25 140 137 136
19.702083757748483 9.848351889130761 0.25 140 137 136
7.574137580134974 14.95671841761215 0.25 140 137 136
2.902789172382927 9.594337360529492 0.25 140 137 136
18.615899475742996 19.164483628275924 0.25 140 137 136
12.404114840293008 0.00427585942402775 0.25 140 137 136
19.436051056049322 19.895973087647253 0.25 140 137 136
13.254666264298205 0.7827295957152747 0.25 140 137 136
4.823018556862122 8.08622631405452 0.25 140 137 136
0.10377441546685517 14.589379532989016 0.25 140 137 136
9.718969753852562 7.7569973733997895 0.25 140 137 136
12.864247341175755 19.76366236357437 0.25 140 137 136
10.043973698571229 16.04171999172658 0.25 140 137 136
2.0197341415542303 2.7593660521663432 0.25 000 000 204
5.600831237520934 7.0153286049938846 0.25 140 137 136
4.11801041713373 9.435724124562956 0.25 140 137 136
3.5355319539819186 2.9933804039845158 0.25 000 000 204
11.118957789575534 2.8200065288505183 0.25 140 137 136
17.303622619410998 19.96419164816697 0.25 140 137 136
7.892164137665228 15.706377624136218 0.25 140 137 136
11.252944225200249 1.7804567829774398 0.25 140 137 136
2.351035121162093 15.110200282189272 0.25 140 137 136
2.36493247084959 19.800857392914864 0.25 140 137 136
4.038658370730146 2.704746654746666 0.25 140 137 136
2.6441309687040415 10.832814369107734 0.25 140 137 136
3.696020354032261 16.69433411230359 0.25 140 137 136
1.505590430345043 7.269334454383889 0.25 140 137 136
1.1638534888593965 1.832228369282336 0.25 140 137 136
15.116184143733447 19.506264616802515 0.25 140 137 136
9.19362894133031 1.2982564889805337 0.25 140 137 136
3.316134854279742 14.996745302018798 0.25 140 137 136
5.0858350027255605 4.909303938773865 0.25 140 137 136
15.470869011295301 3.83962750840547 0.25 140 137 136
3.5756662454191135 14.331665491974361 0.25 140 137 136
0.5503450789787268 3.717421482456842 0.25 140 137 136
13.728165140870095 1.7185243290548002 0.25 140 137 136
0.7947926506067637 19.763796338213364 0.25 140 137 136
19.89836590929511 2.7090266962064002 0.25 140 137 136
16.399804877288577 16.07587602355692 0.25 140 137 136
19.729915663827306 4.419883597407641 0.25 140 137 136
3.846501702861622 0.37026582835926414 0.25 140 137 136
12.390311056451953 1.3269227946087914 0.25 140 137 136
18.050149404235704 15.482273723701109 0.25 140 137 136
0.19462717482472414 11.911209479639576 0.25 140 137 136
4.878539193573825 5.402580520049984 0.25 140 137 136
8.993622098301646 7.725682325980205 0.25 140 137 136
16.063558216189435 17.596509825753902 0.25 140 137 136
10.53097599385924 15.857715518340747 0.25 140 137 136
1.457191347516027 10.418239799885562 0.25 140 137 136
6.361820919971151 7.9402078492407835 0.25 140 137 136
14.71767883454547 11.707267066525782 0.25 140 137 136
16.60763551454195 17.496924451172465 0.25 140 137 136
3.910624530347677 5.919411282178344 0.25 140 137 136
4.552798199641601 19.868190144796735 0.25 140 137 136
16.922008533719904 6.741153898436563 0.25 140 137 136
9.077697922150932 12.949360166365818 0.25 140 137 136
18.18495050216054 12.110355220936517 0.25 140 137 136
3.9596675619276267 8.731903842866354 0.25 140 137 136
7.325357919763693 8.29838088334011 0.25 140 137 136
1.1579645925871551 18.295382817666667 0.25 140 137 136
6.511463865482785 10.806009007400867 0.25 140 137 136
0.30336902078531125 12.597530039956395 0.25 140 137 136
12.933322697916129 18.707920873200464 0.25 140 137 136
1.396051425116438 9.879149827164193 0.25 140 137 136
4.008320405654171 3.5088902053637083 0.25 140 137 136
10.104637049147724 0.09643899342579809 0.25 140 137 136
15.045657444936298 5.148502089441731 0.25 140 137 136
7.644511280511981 12.110490415988686 0.25 140 137 136
2.260208676326154 11.660941300072986 0.25 140 137 136
1.9308292857238096 7.948232424118595 0.25 140 137 136
19.832736746944423 1.5111512673533856 0.25 140 137 136
13.86836861369056 12.023516676577792 0.25 140 137 136
19.964212346876113 19.99537959929935 0.25 140 137 136
15.97997049663466 12.624033772599637 0.25 140 137 136
12.874929324090264 17.456005454515555 0.25 140 137 136
6.32531787862296 18.378495318417873 0.25 140 137 136
13.946176947989331 5.296001896237779 0.25 140 137 136
7.188987104682571 0.35351409054462435 0.25 140 137 136
10.795719772173873 17.360958829126346 0.25 140 137 136
18.721360226625993 4.273775510053128 0.25 140 137 136
15.050588137360828 10.861097683050833 0.25 140 137 136
10.364524100194735 9.777298005853206 0.25 000 000 204
7.7820283748305785 7.647364956734211 0.25 140 137 136
15.728541525631838 2.8884747999830607 0.25 140 137 136
6.508809636489108 14.138164262563395 0.25 140 137 136
4.83505251585825 9.362740973935582 0.25 140 137 136
9.256226135884242 9.969270870187856 0.25 140 137 136
0.030524415524839643 5.782407834141329 0.25 140 137 136
9.197366157771356 18.645752026267527 0.25 140 137 136
15.846711751287279 14.07305841432889 0.25 140 137 136
12.925852596110044 0.0406733566052675 0.25 140 137 136
11.04073646286956 3.856605360673384 0.25 140 137 136
2.368648797819246 1.5369768766572345 0.25 140 137 136
8.440343303304537 1.0004535304653506 0.25 140 137 136
4.618413271122932 18.21406159873483 0.25 140 137 136
15.210023738834613 0.7963465014711502 0.25 140 137 136
11.769883256878916 10.109997891392446 0.25 000 000 204
0.045160506983468185 16.605935149084218 0.25 140 137 136
8.42208537680197 3.253488832885263 0.25 140 137 136
0.14568810501466523 4.728983088842171 0.25 140 137 136
16.212174433536955 10.185951339817121 0.25 140 137 136
19.33634594641579 17.486606823182733 0.25 140 137 136
9.479528978376448 8.920298705473941 0.25 140 137 136
19.984055919224392 18.027497578749653 0.25 140 137 136
17.405789744244515 2.898292081420253 0.25 140 137 136
1.0981017645644808 11.787143333889567 0.25 140 137 136
14.787150721193832 14.45945936292776 0.25 140 137 136
7.925858362438392 16.33723940376801 0.25 140 137 136
19.672353380168396 19.346175367681447 0.25 140 137 136
11.023945617185575 19.58946442271821 0.25 140 137 136
15.63503916488607 4.40181944744634 0.25 140 137 136
14.175887365312136 7.987948972866312 0.25 140 137 136
13.452549412335518 17.838585158025108 0.25 140 137 136
1.9234357329252072 1.8049106976408402 0.25 140 137 136
9.217240870602803 3.6087671846159863 0.25 140 137 136
4.5476640469040035 10.8989219884573 0.25 140 137 136
4.725603481513687 13.66554630340069 0.25 140 137 136
16.793562311868428 18.74177546920435 0.25 140 137 136
8.325795405512622 10.613396550285605 0.25 140 137 136
18.735846018435694 7.6613866320906965 0.25 140 137 136
9.31826121530418 9.409679384189962 0.25 140 137 136
11.767451868207315 13.66094969632147 0.25 140 137 136
4.106031358314313 18.67229540687198 0.25 140 137 136
17.241195356301063 16.260774946304082 0.25 140 137 136
19.98276972046813 3.284745359557808 0.25 140 137 136
13.67172900199569 14.397388674364302 0.25 140 137 136
4.949371026934967 10.501059320903305 0.25 140 137 136
15.565898553917151 10.996573688450209 0.25 140 137 136
10.468539105550432 5.122855153123851 0.25 140 137 136
1.3567449003055576 0.6792021707032792 0.25 140 137 136
18.89265337952804 13.143098193786802 0.25 140 137 136
5.662128205773691 17.04399512008799 0.25 140 137 136
14.037525003136524 9.60252752821626 0.25 140 137 136
16.911694349810716 7.870534303221617 0.25 140 137 136
0.9013239158292974 10.398721984194054 0.25 140 137 136
18.64297443309066 15.30285715843136 0.25 140 137 136
19.234015195994722 0.4236291048824037 0.25 140 137 136
13.072092330359968 12.550892085023893 0.25 140 137 136
16.444467795388647 14.967797938164866 0.25 140 137 136
2.882372850115582 3.098024284959058 0.25 000 000 204
9.445011738134252 19.985923702580703 0.25 140 137 136
17.819874446409464 0.11189298805960979 0.25 140 137 136
0.35699833001110015 3.0391306268268337 0.25 140 137 136
0.6182015480512959 1.2264152815923302 0.25 140 137 136
16.355428332850657 0.15274278866391544 0.25 140 137 136
3.0239969774241926 8.75325373630941 0.25 140 137 136
5.91036801090752 8.366922935827754 0.25 140 137 136
10.641898030207571 0.3929369662900961 0.25 140 137 136
9.596661613215236 15.784005894411457 0.25 140 137 136
11.047411077561799 11.745125165577281 0.25 000 000 204
2.2646842404416723 18.68001992770095 0.25 140 137 136
11.353459333777407 14.853884299677746 0.25 140 137 136
19.998861186392958 14.852028134592155 0.25 140 137 136
14.661756028845964 16.427968695014133 0.25 140 137 136
19.988207394283425 15.900370158170611 0.25 140 137 136
7.056285881596381 8.797945276999217 0.25 140 137 136
11.286193938457156 12.583124007274847 0.25 140 137 136
7.497035321605341 4.433664777679787 0.25 140 137 136
12.716340852196318 7.628310958415048 0.25 140 137 136
3.776661608831291 2.081377910036364 0.25 140 137 136
1.4730656913191975 6.633061214482154 0.25 140 137 136
7.849110813157665 1.05061652229548 0.25 140 137 136
19.999140997591493 18.585544674751457 0.25 140 137 136
12.614715907020152 3.951844261595181 0.25 140 137 136
6.115389761342103 9.851986727718032 0.25 140 137 136
8.567380230177434 7.374369258278703 0.25 140 137 136
0.9533744254316079 8.964403331936136 0.25 140 137 136
8.986952282744047 6.67607971368964 0.25 140 137 136
16.73080191610691 10.194438792990514 0.25 140 137 136
19.589634493825287 14.506989210344656 0.25 140 137 136
4.970595369909596 0.358194535994556 0.25 140 137 136
5.247110106111467 2.3983405998660134 0.25 140 137 136
15.17978347395892 9.885374710339738 0.25 140 137 136
17.067504366852027 1.2545753852325103 0.25 140 137 136
16.667821153113206 16.53015276602143 0.25 140 137 136
5.372858745920624 0.7142455812066073 0.25 140 137 136
0.04918766266408525 3.448386824783063 0.25 140 137 136
0.8301428319676107 6.263755230403037 0.25 140 137 136
5.0882596565914255 1.421327407758577 0.25 140 137 136
10.133809706636685 18.129558487077446 0.25 140 137 136
12.80928583216369 9.515639327168792 0.25 140 137 136
7.653332026864783 0.03661387374017666 0.25 140 137 136
13.642664577521204 18.835938036819734 0.25 140 137 136
3.5374274165011754 15.516074684886949 0.25 140 137 136
7.627309605741099 9.926135079032562 0.25 140 137 136
5.371001946428857 11.535446170130355 0.25 140 137 136
3.485563155458893 5.524846532310765 0.25 140 137 136
13.812287769036082 5.845070831808932 0.25 140 137 136
5.248589617106139 8.7906809868485 0.25 140 137 136
19.117572772064374 14.256647801094147 0.25 140 137 136
14.524240206586722 0.5769284108476902 0.25 140 137 136
0.8868088970263877 9.863300132281093 0.25 140 137 136
11.652272752336483 16.143644026646236 0.25 140 137 136
10.422040625221234 1.1345882791020356 0.25 140 137 136
13.142635174372536 11.477329128683794 0.25 140 137 136
14.545696281692003 13.366485101182732 0.25 140 137 136
15.611371882500348 15.730850939021341 0.25 140 137 136
4.278157729686871 0.6606483842636868 0.25 140 137 136
7.5385320065013435 12.633112404909117 0.25 140 137 136
17.412044558738582 7.667020954296763 0.25 140 137 136
5.6632175544251755 15.80139490647446 0.25 140 137 136
4.2367127016118955 14.210330760543107 0.25 140 137 136
17.79938549899049 6.019555089316699 0.25 140 137 136
8.11671979804536 19.97316327530164 0.25 140 137 136
8.215065227521436 11.825764269935659 0.25 140 137 136
7.460735253899678 17.445381497769745 0.25 140 137 136
11.29408723740259 0.5935627300557633 0.25 140 137 136
2.4364160162448334 9.850715645006476 0.25 140 137 136
16.87151220710816 9.59778149033445 0.25 140 137 136
18.097555499914545 8.702606755088828 0.25 140 137 136
7.136843160243334 18.80549196230631 0.25 140 137 136
2.281303982529561 4.992156827182431 0.25 140 137 136
19.98556200714176 11.981852018029686 0.25 140 137 136
11.705408242161832 0.0741762380331723 0.25 140 137 136
19.253460283459976 1.3007552022383417 0.25 140 137 136
0.2025918711628183 19.999462492971006 0.25 140 137 136
15.221570483307175 6.836769717192208 0.25 140 137 136
17.09760119177083 9.047993582355057 0.25 140 137 136
2.916535040985755 12.52692664008027 0.25 140 137 136
14.250840174276249 0.11256791045301862 0.25 140 137 136
7.198616075250694 6.811697527107241 0.25 140 137 136
2.0305418472462122 4.04108838469816 0.25 000 000 204
17.82729087928046 13.194428359646995 0.25 140 137 136
3.118771245591483 5.107533695394444 0.25 140 137 136
0.7366458279394372 13.597097567123766 0.25 140 137 136
17.207791669695 12.291832000201877 0.25 140 137 136
14.554507197447856 19.456051111445632 0.25 140 137 136
10.045502056380025 14.913181410721673 0.25 140 137 136
7.149666800020853 11.968378915443276 0.25 140 137 136
1.0399685854928165 4.192100672844767 0.25 000 000 204
4.178352131058112 11.30040524729212 0.25 140 137 136
15.399857446318626 3.265541378530974 0.25 140 137 136
17.373530026927302 15.476081507703414 0.25 140 137 136
7.811159531566265 5.595561243908604 0.25 140 137 136
14.920053490828494 5.69036206053906 0.25 140 137 136
3.8544537635906995 10.869370525944097 0.25 140 137 136
3.4679542777547456 19.347701746116556 0.25 140 137 136
17.674997550031133 5.481441199683756 0.25 140 137 136
4.177875408021638 13.379808729549191 0.25 140 137 136
3.489905341126218 3.9205765583790586 0.25 000 000 204
2.5160254232223767 8.504470318396697 0.25 140 137 136
19.64907886625346 8.434391877972686 0.25 140 137 136
18.581578980182385 15.964861988249325 0.25 140 137 136
1.136324460765712 15.721151147392238 0.25 140 137 136
17.032456575865027 8.516159859852914 0.25 140 137 136
17.799795403659584 16.49828705095359 0.25 140 137 136
1.8089114132028872 13.71690609324151 0.25 140 137 136
0.4499137761481986 16.966311614784306 0.25 140 137 136
6.031444960068402 6.4918465300058426 0.25 140 137 136
4.1901392232613555 16.804942145691605 0.25 140 137 136
7.059395114048019 17.758996605436668 0.25 140 137 136
