1	1.1999767675955943E11
2	1.1868642238706966E11
3	1.1737906175029117E11
4	1.1607555984980359E11
5	1.1477588017745465E11
6	1.1347998481091269E11
7	1.1218783434622435E11
8	1.1089938713250697E11
9	1.0961460200073335E11
10	1.083334350372549E11
11	1.0705584101514442E11
12	1.0578177445679341E11
13	1.0451118695984674E11
14	1.0324403061340125E11
15	1.0198025494725801E11
16	1.007198086979451E11
17	9.94626400292479E10
18	9.820869458829623E10
19	9.695791792725717E10
20	9.571025449532191E10
21	9.446564727235872E10
22	9.322403796723402E10
23	9.198536739125725E10
24	9.074957583365865E10
25	8.95166022104705E10
26	8.828638449354108E10
27	8.705885974084587E10
28	8.583396412815169E10
29	8.461163298181975E10
30	8.339180081254364E10
31	8.217440135056738E10
32	8.095936758217393E10
33	7.974663106589523E10
34	7.853612394606192E10
35	7.732777723096686E10
36	7.612152125985095E10
37	7.491728456696854E10
38	7.371499769128865E10
39	7.251458855658527E10
40	7.131598558092198E10
41	7.011911646402733E10
42	6.892390916135678E10
43	6.773028967088665E10
44	6.653818598235677E10
45	6.534752458516206E10
46	6.4158231857860466E10
47	6.2970234137479866E10
48	6.1783457793874985E10
49	6.059782931003189E10
50	5.9413275368940636E10
51	5.8229722948289085E10
52	5.704709798049673E10
53	5.586532864702441E10
54	5.468434140852269E10
55	5.350406513940055E10
56	5.2324427950996544E10
57	5.114535877411764E10
58	4.996678751365682E10
59	4.878864510808373E10
60	4.761086132098056E10
61	4.643337011535796E10
62	4.525610427902888E10
63	4.4078998149756805E10
64	4.290198799815104E10
65	4.1725010335714066E10
66	4.054800459251992E10
67	3.9370910380771614E10
68	3.819367012834676E10
69	3.701622807020519E10
70	3.583852998061363E10
71	3.466052371436217E10
72	3.3482161327722935E10
73	3.2303394057422855E10
74	3.1124178327151566E10
75	2.9944474048041714E10
76	2.876424175123993E10
77	2.758344626486708E10
78	2.640205760120737E10
79	2.5220048084347675E10
80	2.4037392814346004E10
81	2.285407219982136E10
82	2.1670072821280777E10
83	2.048538348411087E10
84	1.9299999410215004E10
85	1.8113920542513424E10
86	1.6927153152139936E10
87	1.5739708699855024E10
88	1.455160629165729E10
89	1.3362870046465809E10
90	1.2173532720391592E10
91	1.0983635669064941E10
92	9.793223670614061E9
93	8.602356057170319E9
94	7.411097257554109E9
95	6.219520967970112E9
96	5.027715977358458E9
97	3.835775495934974E9
98	2.643803277195512E9
99	1.4519230832079496E9
100	2.6026172078770486E8
101	9.241110402883806E8
102	2.1148753087062314E9
103	3.304945765445692E9
104	4.494130443490032E9
105	5.682228190980024E9
106	6.869010233366211E9
107	8.054244341692598E9
108	9.237670995504229E9
109	1.041901311900401E10
110	1.1597973499642271E10
111	1.277423237181795E10
112	1.3947453220810984E10
113	1.5117271515407084E10
114	1.6283302804306595E10
115	1.7445138412154747E10
116	1.8602344888873093E10
117	1.975446602911902E10
118	2.0901019017478573E10
119	2.2041497668191166E10
120	2.3175371937314953E10
121	2.4302087605820805E10
122	2.5421067813130245E10
123	2.653171436563049E10
124	2.763340749021135E10
125	2.872551161511107E10
126	2.9807373702654205E10
127	3.0878328614301655E10
128	3.193770082390502E10
129	3.2984809614637146E10
130	3.4018971629802418E10
131	3.503950636548597E10
132	3.604574027594276E10
133	3.703701094577565E10
134	3.801267422114588E10
135	3.897210655752512E10
136	3.991471127990782E10
137	4.083992161607616E10
138	4.17472059243723E10
139	4.2636071058955925E10
140	4.350606437323787E10
141	4.435677593929659E10
142	4.5187840651923065E10
143	4.599893748739884E10
144	4.67897914022453E10
145	4.756017071138322E10
146	4.830988579206881E10
147	4.903878896945235E10
148	4.974676994551446E10
149	5.043375355775537E10
150	5.1099697804854996E10
151	5.174458931082634E10
152	5.236844067673265E10
153	5.297128688720008E10
154	5.355318198041557E10
155	5.4114196596809326E10
156	5.4654413923060646E10
157	5.517392719183316E10
158	5.567283710491521E10
159	5.615124933341453E10
160	5.6609271926508865E10
161	5.704701376421496E10
162	5.7464581958431854E10
163	5.786208028874158E10
164	5.823960895425277E10
165	5.859726097233939E10
166	5.893512294610433E10
167	5.925327259670709E10
168	5.955177907828855E10
169	5.98307007542916E10
170	6.032540748902135E10
171	6.032997167336536E10
172	6.055038252478829E10
173	6.0751330782850716E10
174	6.0932816720865265E10
175	6.1094827156319984E10
176	6.123733525424506E10
177	6.136030135025861E10
178	6.146367206830542E10
179	6.1547380040312965E10
180	6.161134401212274E10
181	6.165546892622232E10
182	6.16796463705694E10
183	6.168383034036004E10
184	6.168896866123342E10
185	6.171751222603958E10
186	6.176979489429223E10
187	6.1846273712033165E10
188	6.194708832852003E10
189	6.207235127228977E10
190	6.222214763652371E10
191	6.239653492551187E10
192	6.259554306254709E10
193	6.281917455740738E10
194	6.3067404829442444E10
195	6.334018268029185E10
196	6.363743090838304E10
197	6.3959047055708885E10
198	6.430490427595068E10
199	6.467485231183603E10
200	6.506871856869993E10
201	6.548630927060075E10
202	6.592741068496485E10
203	6.639179040164124E10
204	6.6879198652405266E10
205	6.7389369657316925E10
206	6.792202298492258E10
207	6.847686491403425E10
208	6.905358978570586E10
209	6.965188133502371E10
210	7.027141399339293E10
211	7.091185415312521E10
212	7.157286138726402E10
213	7.225408961871404E10
214	7.295518823384781E10
215	7.36758031368179E10
216	7.441557774179892E10
217	7.517415390131561E10
218	7.595117276965375E10
219	7.674627560111945E10
220	7.75591044835826E10
221	7.838930300833443E10
222	7.923651687778893E10
223	8.010039445297946E10
224	8.098058724315073E10
225	8.187675034000851E10
226	8.278854279940446E10
227	8.371562797337572E10
228	8.465767379554541E10
229	8.561435302294983E10
230	8.658534343734447E10
231	8.757032800902753E10
232	8.856899502615631E10
233	8.95810381924382E10
234	9.060615669599983E10
235	9.164405525209239E10
236	9.26944441221955E10
237	9.375703911191544E10
238	9.483156154996497E10
239	9.591773825033916E10
240	9.701530145968832E10
241	9.812398879172525E10
242	9.924354315037962E10
243	1.0037371264327472E11
244	1.015142504869743E11
245	1.0266491490531326E11
246	1.0382546902203114E11
247	1.0499568074879343E11
248	1.0617532266959328E11
249	1.0736417192242532E11
250	1.0856201007903333E11
251	1.0976862302344644E11
252	1.1098380082994197E11
253	1.1220733764099753E11
254	1.1343903154573303E11
255	1.1467868445927621E11
256	1.1592610200343286E11
257	1.17181093388992E11
258	1.1844347129994647E11
259	1.19713051779873E11
260	1.2098965412066925E11
261	1.2227310075381937E11
262	1.2356321714432631E11
263	1.2485983168741376E11
264	1.2616277560809055E11
265	1.2747188286363237E11
266	1.2878699004902971E11
267	1.3010793630542174E11
268	1.3143456323152948E11
269	1.3276671479808652E11
270	1.3410423726524655E11
271	1.3544697910294487E11
272	1.3679479091418292E11
273	1.3814752536118707E11
274	1.3950503709439767E11
275	1.4086718268423505E11
276	1.4223382055558075E11
277	1.4360481092491168E11
278	1.4498001574002615E11
279	1.4635929862228897E11
280	1.4774252481132938E11
281	1.4912956111211856E11
282	1.505202758443562E11
283	1.5191453879409427E11
284	1.5331222116752405E11
285	1.547131955468552E11
286	1.561173358482144E11
287	1.5752451728149277E11
288	1.589346163120718E11
289	1.6034751062435748E11
290	1.6176307908705408E11
291	1.6318120172011465E11
292	1.6460175966329572E11
293	1.660246351462571E11
294	1.674497114601433E11
295	1.6887687293058328E11
296	1.703060048920518E11
297	1.7173699366353217E11
298	1.7316972652542563E11
299	1.7460409169765118E11
300	1.7603997831888583E11
301	1.7747727642688962E11
302	1.7891587693986874E11
303	1.8035567163882898E11
304	1.8179655315087045E11
305	1.832384149333823E11
306	1.8468115125908896E11
307	1.8612465720191315E11
308	1.8756882862360837E11
309	1.8901356216112677E11
310	1.904587552146827E11
311	1.9190430593647644E11
312	1.9335011322004642E11
313	1.9479607669020908E11
314	1.9624209669356522E11
315	1.9768807428953302E11
316	1.9913391124188113E11
317	2.005795100107352E11
318	2.0202477374503287E11
319	2.0346960627539236E11
320	2.049139121073797E11
321	2.0635759641514536E11
322	2.0780056503541006E11
323	2.0924272446177454E11
324	2.106839818393383E11
325	2.1212424495960132E11
326	2.1356342225563477E11
327	2.1500142279749835E11
328	2.1643815628789075E11
329	2.1787353305801382E11
330	2.1930746406363928E11
331	2.2073986088135687E11
332	2.221706357049942E11
333	2.235997013421944E11
334	2.250269712111381E11
335	2.2645235933739767E11
336	2.278757803509128E11
337	2.2929714948307462E11
338	2.3071638256391214E11
339	2.3213339601936826E11
340	2.3354810686865692E11
341	2.349604327216915E11
342	2.363702917765805E11
343	2.3777760281717722E11
344	2.3918228521068347E11
345	2.4058425890529056E11
346	2.4198344442786188E11
347	2.433797628816456E11
348	2.4477313594401276E11
349	2.4616348586421347E11
350	2.4755073546115524E11
351	2.4893480812118555E11
352	2.50315627795887E11
353	2.5169311899987393E11
354	2.530672068085923E11
355	2.544378168561131E11
356	2.558048753329243E11
357	2.5716830898371085E11
358	2.5852804510512985E11
359	2.598840115435679E11
360	2.6123613669288925E11
361	2.625843494921644E11
362	2.6392857942338394E11
363	2.6526875650915622E11
364	2.666048113103822E11
365	2.6793667492391205E11