0, 9.322843867064505E8
16, 9.174163748525137E8
32, 9.025500686780078E8
48, 8.876855804420286E8
64, 8.728230301104892E8
80, 8.579569407174424E8
96, 8.430847078006412E8
112, 8.282143088365425E8
128, 8.133458733897462E8
144, 7.98479540585818E8
160, 7.836154601880705E8
176, 7.687473925302796E8
192, 7.53872566282427E8
208, 7.389998652636483E8
224, 7.241294527135565E8
240, 7.092615056567335E8
256, 6.94396216347036E8
272, 6.795253354838437E8
288, 6.646479562639203E8
304, 6.497730751934187E8
320, 6.349009050211055E8
336, 6.20031678495147E8
352, 6.051656513784558E8
368, 5.902907490070289E8
384, 5.754108779974611E8
400, 5.6053400089132E8
416, 5.456604055713216E8
432, 5.307904115906925E8
448, 5.159243754963906E8
464, 5.0104360991564953E8
480, 4.8616134663754386E8
496, 4.712827672958248E8
512, 4.5640828308234364E8
528, 4.41538359906966E8
544, 4.2667253668212503E8
560, 4.1178389105539095E8
576, 3.968994087419322E8
592, 3.820196366664804E8
608, 3.671452097894819E8
624, 3.522768696679928E8
640, 3.3740340597383374E8
656, 3.225115585030594E8
672, 3.0762519465257186E8
688, 2.9274522767672247E8
704, 2.778727646494425E8
720, 2.630091603712355E8
736, 2.481218762698931E8
752, 2.332265669527554E8
768, 2.1833910698460838E8
784, 2.0346132276682752E8
800, 1.8859560872099635E8
816, 1.737373967614305E8
832, 1.5882822563882738E8
848, 1.4392886483642906E8
864, 1.2904285743511353E8
880, 1.141755561736037E8
896, 9.933543719471747E7
912, 8.444916534853747E7
928, 6.952410259947373E7
944, 5.461887951594982E7
960, 3.975555957689145E7
976, 2.500404998670337E7
992, 1.0487206200368505E7
1008, 1
1024, 1.2747113506397603E7
1040, 2.7622139251210168E7
1056, 4.2552074504862994E7
1072, 5.749810471856886E7
1088, 7.23451416234735E7
1104, 8.71817092471553E7
1120, 1.0205479192901333E8
1136, 1.169511781919695E8
1152, 1.3186342502139595E8
1168, 1.4677546256695914E8
1184, 1.6163135558456922E8
1200, 1.765062483923246E8
1216, 1.9139593729164416E8
1232, 2.0629740417681405E8
1248, 2.2120842683482456E8
1264, 2.3608904090815464E8
1280, 2.509661477881781E8
1296, 2.6585414993302947E8
1312, 2.807514265953705E8
1328, 2.956566787071029E8
1344, 3.105544615638457E8
1360, 3.254338523845275E8
1376, 3.40321907628044E8
1392, 3.552176191847592E8
1408, 3.7012013874256355E8
1424, 3.8502755940150875E8
1440, 3.99909245992614E8
1456, 4.1479815513834214E8
1472, 4.296935996255309E8
1488, 4.4459498329865384E8
1504, 4.595017865346053E8
1520, 4.743923035211123E8
1536, 4.8928249886033106E8
1552, 5.041784105603592E8
1568, 5.190795971781006E8
1584, 5.3398566574216723E8
1600, 5.488830225622116E8
1616, 5.637747639693681E8
1632, 5.786715981077722E8
1648, 5.935731849641496E8
1664, 6.084792175372947E8
1680, 6.233814087399294E8
1696, 6.382748641737998E8
1712, 6.531729220697054E8
1728, 6.680753126967249E8
1744, 6.829817897493666E8
1760, 6.97887469730217E8
1776, 7.127827542746595E8
1792, 7.276822458483578E8
1808, 7.42585725587051E8
1824, 7.574929913243113E8
1840, 7.724012144192803E8
1856, 7.872984101481323E8
1872, 8.02199487675304E8
1888, 8.171042655771718E8
1904, 8.320125751489531E8
1920, 8.469226515795151E8
1936, 8.618218195132911E8
1952, 8.767245969166293E8
1968, 8.916308309636172E8
1984, 9.065403787734283E8