0, 1.1999767675955943E11
1, 1.1868642238706966E11
2, 1.1737906175029117E11
3, 1.1607555984980359E11
4, 1.1477588017745465E11
5, 1.1347998481091269E11
6, 1.1218783434622435E11
7, 1.1089938713250697E11
8, 1.0961460200073335E11
9, 1.083334350372549E11
10, 1.0705584101514442E11
11, 1.0578177445679341E11
12, 1.0451118695984674E11
13, 1.0324403061340125E11
14, 1.0198025494725801E11
15, 1.007198086979451E11
16, 9.94626400292479E10
17, 9.820869458829623E10
18, 9.695791792725717E10
19, 9.571025449532191E10
20, 9.446564727235872E10
21, 9.322403796723402E10
22, 9.198536739125725E10
23, 9.074957583365865E10
24, 8.95166022104705E10
25, 8.828638449354108E10
26, 8.705885974084587E10
27, 8.583396412815169E10
28, 8.461163298181975E10
29, 8.339180081254364E10
30, 8.217440135056738E10
31, 8.095936758217393E10
32, 7.974663106589523E10
33, 7.853612394606192E10
34, 7.732777723096686E10
35, 7.612152125985095E10
36, 7.491728456696854E10
37, 7.371499769128865E10
38, 7.251458855658527E10
39, 7.131598558092198E10
40, 7.011911646402733E10
41, 6.892390916135678E10
42, 6.773028967088665E10
43, 6.653818598235677E10
44, 6.534752458516206E10
45, 6.4158231857860466E10
46, 6.2970234137479866E10
47, 6.1783457793874985E10
48, 6.059782931003189E10
49, 5.9413275368940636E10
50, 5.8229722948289085E10
51, 5.704709798049673E10
52, 5.586532864702441E10
53, 5.468434140852269E10
54, 5.350406513940055E10
55, 5.2324427950996544E10
56, 5.114535877411764E10
57, 4.996678751365682E10
58, 4.878864510808373E10
59, 4.761086132098056E10
60, 4.643337011535796E10
61, 4.525610427902888E10
62, 4.4078998149756805E10
63, 4.290198799815104E10
64, 4.1725010335714066E10
65, 4.054800459251992E10
66, 3.9370910380771614E10
67, 3.819367012834676E10
68, 3.701622807020519E10
69, 3.583852998061363E10
70, 3.466052371436217E10
71, 3.3482161327722935E10
72, 3.2303394057422855E10
73, 3.1124178327151566E10
74, 2.9944474048041714E10
75, 2.876424175123993E10
76, 2.758344626486708E10
77, 2.640205760120737E10
78, 2.5220048084347675E10
79, 2.4037392814346004E10
80, 2.285407219982136E10
81, 2.1670072821280777E10
82, 2.048538348411087E10
83, 1.9299999410215004E10
84, 1.8113920542513424E10
85, 1.6927153152139936E10
86, 1.5739708699855024E10
87, 1.455160629165729E10
88, 1.3362870046465809E10
89, 1.2173532720391592E10
90, 1.0983635669064941E10
91, 9.793223670614061E9
92, 8.602356057170319E9
93, 7.411097257554109E9
94, 6.219520967970112E9
95, 5.027715977358458E9
96, 3.835775495934974E9
97, 2.643803277195512E9
98, 1.4519230832079496E9
99, 2.6026172078770486E8
100, 9.241110402883806E8
101, 2.1148753087062314E9
102, 3.304945765445692E9
103, 4.494130443490032E9
104, 5.682228190980024E9
105, 6.869010233366211E9
106, 8.054244341692598E9
107, 9.237670995504229E9
108, 1.041901311900401E10
109, 1.1597973499642271E10
110, 1.277423237181795E10
111, 1.3947453220810984E10
112, 1.5117271515407084E10
113, 1.6283302804306595E10
114, 1.7445138412154747E10
115, 1.8602344888873093E10
116, 1.975446602911902E10
117, 2.0901019017478573E10
118, 2.2041497668191166E10
119, 2.3175371937314953E10
120, 2.4302087605820805E10
121, 2.5421067813130245E10
122, 2.653171436563049E10
123, 2.763340749021135E10
124, 2.872551161511107E10
125, 2.9807373702654205E10
126, 3.0878328614301655E10
127, 3.193770082390502E10
128, 3.2984809614637146E10
129, 3.4018971629802418E10
130, 3.503950636548597E10
131, 3.604574027594276E10
132, 3.703701094577565E10
133, 3.801267422114588E10
134, 3.897210655752512E10
135, 3.991471127990782E10
136, 4.083992161607616E10
137, 4.17472059243723E10
138, 4.2636071058955925E10
139, 4.350606437323787E10
140, 4.435677593929659E10
141, 4.5187840651923065E10
142, 4.599893748739884E10
143, 4.67897914022453E10
144, 4.756017071138322E10
145, 4.830988579206881E10
146, 4.903878896945235E10
147, 4.974676994551446E10
148, 5.043375355775537E10
149, 5.1099697804854996E10
150, 5.174458931082634E10
151, 5.236844067673265E10
152, 5.297128688720008E10
153, 5.355318198041557E10
154, 5.4114196596809326E10
155, 5.4654413923060646E10
156, 5.517392719183316E10
157, 5.567283710491521E10
158, 5.615124933341453E10
159, 5.6609271926508865E10
160, 5.704701376421496E10
161, 5.7464581958431854E10
162, 5.786208028874158E10
163, 5.823960895425277E10
164, 5.859726097233939E10
165, 5.893512294610433E10
166, 5.925327259670709E10
167, 5.955177907828855E10
168, 5.98307007542916E10
169, 6.032540748902135E10
170, 6.032997167336536E10
171, 6.055038252478829E10
172, 6.0751330782850716E10
173, 6.0932816720865265E10
174, 6.1094827156319984E10
175, 6.123733525424506E10
176, 6.136030135025861E10
177, 6.146367206830542E10
178, 6.1547380040312965E10
179, 6.161134401212274E10
180, 6.165546892622232E10
181, 6.16796463705694E10
182, 6.168383034036004E10
183, 6.168896866123342E10
184, 6.171751222603958E10
185, 6.176979489429223E10
186, 6.1846273712033165E10
187, 6.194708832852003E10
188, 6.207235127228977E10
189, 6.222214763652371E10
190, 6.239653492551187E10
191, 6.259554306254709E10
192, 6.281917455740738E10
193, 6.3067404829442444E10
194, 6.334018268029185E10
195, 6.363743090838304E10
196, 6.3959047055708885E10
197, 6.430490427595068E10
198, 6.467485231183603E10
199, 6.506871856869993E10
200, 6.548630927060075E10
201, 6.592741068496485E10
202, 6.639179040164124E10
203, 6.6879198652405266E10
204, 6.7389369657316925E10
205, 6.792202298492258E10
206, 6.847686491403425E10
207, 6.905358978570586E10
208, 6.965188133502371E10
209, 7.027141399339293E10
210, 7.091185415312521E10
211, 7.157286138726402E10
212, 7.225408961871404E10
213, 7.295518823384781E10
214, 7.36758031368179E10
215, 7.441557774179892E10
216, 7.517415390131561E10
217, 7.595117276965375E10
218, 7.674627560111945E10
219, 7.75591044835826E10
220, 7.838930300833443E10
221, 7.923651687778893E10
222, 8.010039445297946E10
223, 8.098058724315073E10
224, 8.187675034000851E10
225, 8.278854279940446E10
226, 8.371562797337572E10
227, 8.465767379554541E10
228, 8.561435302294983E10
229, 8.658534343734447E10
230, 8.757032800902753E10
231, 8.856899502615631E10
232, 8.95810381924382E10
233, 9.060615669599983E10
234, 9.164405525209239E10
235, 9.26944441221955E10
236, 9.375703911191544E10
237, 9.483156154996497E10
238, 9.591773825033916E10
239, 9.701530145968832E10
240, 9.812398879172525E10
241, 9.924354315037962E10
242, 1.0037371264327472E11
243, 1.015142504869743E11
244, 1.0266491490531326E11
245, 1.0382546902203114E11
246, 1.0499568074879343E11
247, 1.0617532266959328E11
248, 1.0736417192242532E11
249, 1.0856201007903333E11
250, 1.0976862302344644E11
251, 1.1098380082994197E11
252, 1.1220733764099753E11
253, 1.1343903154573303E11
254, 1.1467868445927621E11
255, 1.1592610200343286E11
256, 1.17181093388992E11
257, 1.1844347129994647E11
258, 1.19713051779873E11
259, 1.2098965412066925E11
260, 1.2227310075381937E11
261, 1.2356321714432631E11
262, 1.2485983168741376E11
263, 1.2616277560809055E11
264, 1.2747188286363237E11
265, 1.2878699004902971E11
266, 1.3010793630542174E11
267, 1.3143456323152948E11
268, 1.3276671479808652E11
269, 1.3410423726524655E11
270, 1.3544697910294487E11
271, 1.3679479091418292E11
272, 1.3814752536118707E11
273, 1.3950503709439767E11
274, 1.4086718268423505E11
275, 1.4223382055558075E11
276, 1.4360481092491168E11
277, 1.4498001574002615E11
278, 1.4635929862228897E11
279, 1.4774252481132938E11
280, 1.4912956111211856E11
281, 1.505202758443562E11
282, 1.5191453879409427E11
283, 1.5331222116752405E11
284, 1.547131955468552E11
285, 1.561173358482144E11
286, 1.5752451728149277E11
287, 1.589346163120718E11
288, 1.6034751062435748E11
289, 1.6176307908705408E11
290, 1.6318120172011465E11
291, 1.6460175966329572E11
292, 1.660246351462571E11
293, 1.674497114601433E11
294, 1.6887687293058328E11
295, 1.703060048920518E11
296, 1.7173699366353217E11
297, 1.7316972652542563E11
298, 1.7460409169765118E11
299, 1.7603997831888583E11
300, 1.7747727642688962E11
301, 1.7891587693986874E11
302, 1.8035567163882898E11
303, 1.8179655315087045E11
304, 1.832384149333823E11
305, 1.8468115125908896E11
306, 1.8612465720191315E11
307, 1.8756882862360837E11
308, 1.8901356216112677E11
309, 1.904587552146827E11
310, 1.9190430593647644E11
311, 1.9335011322004642E11
312, 1.9479607669020908E11
313, 1.9624209669356522E11
314, 1.9768807428953302E11
315, 1.9913391124188113E11
316, 2.005795100107352E11
317, 2.0202477374503287E11
318, 2.0346960627539236E11
319, 2.049139121073797E11
320, 2.0635759641514536E11
321, 2.0780056503541006E11
322, 2.0924272446177454E11
323, 2.106839818393383E11
324, 2.1212424495960132E11
325, 2.1356342225563477E11
326, 2.1500142279749835E11
327, 2.1643815628789075E11
328, 2.1787353305801382E11
329, 2.1930746406363928E11
330, 2.2073986088135687E11
331, 2.221706357049942E11
332, 2.235997013421944E11
333, 2.250269712111381E11
334, 2.2645235933739767E11
335, 2.278757803509128E11
336, 2.2929714948307462E11
337, 2.3071638256391214E11
338, 2.3213339601936826E11
339, 2.3354810686865692E11
340, 2.349604327216915E11
341, 2.363702917765805E11
342, 2.3777760281717722E11
343, 2.3918228521068347E11
344, 2.4058425890529056E11
345, 2.4198344442786188E11
346, 2.433797628816456E11
347, 2.4477313594401276E11
348, 2.4616348586421347E11
349, 2.4755073546115524E11
350, 2.4893480812118555E11
351, 2.50315627795887E11
352, 2.5169311899987393E11
353, 2.530672068085923E11
354, 2.544378168561131E11
355, 2.558048753329243E11
356, 2.5716830898371085E11
357, 2.5852804510512985E11
358, 2.598840115435679E11
359, 2.6123613669288925E11
360, 2.625843494921644E11
361, 2.6392857942338394E11
362, 2.6526875650915622E11
363, 2.666048113103822E11
364, 2.6793667492391205E11
365, 2.6926427898018225E11