0, 2.6026172078770486E8
16, 2.464369857213453E8
32, 2.325972013742348E8
48, 2.186994190542229E8
64, 2.0486458630017182E8
80, 1.9106632067208666E8
96, 1.7714256727432027E8
112, 1.632934190032871E8
128, 1.4953930685323063E8
144, 1.3559517723906508E8
160, 1.2172377530381449E8
176, 1.0797787966252E8
192, 9.406801830721049E7
208, 8.0156487283941E7
224, 6.643038333927733E7
240, 5.2603370102445364E7
256, 3.859546030429311E7
272, 2.4956446681259453E7
288, 1.170586710464345E7
304, 0
320, 1.018636042218812E7
336, 2.4350604656163745E7
352, 3.76519892909641E7
368, 5.149136130777824E7
384, 6.554644397426428E7
400, 7.921182716890658E7
416, 9.302547028511524E7
432, 1.0698095680931535E8
448, 1.2077559735040796E8
464, 1.3457943018920654E8
480, 1.484884857366377E8
496, 1.6233964892222127E8
512, 1.7613863767577106E8
528, 1.9002119508395836E8
544, 2.0390326636929515E8
560, 2.176995688535095E8
576, 2.315651721943337E8
592, 2.454662152895008E8
608, 2.5926095659879628E8
624, 2.731148989838398E8
640, 2.8701963760514873E8
656, 3.008222365339086E8
672, 3.146677548510078E8
688, 3.2855854386369E8
704, 3.423831205547068E8
720, 3.5622233687514675E8
736, 3.701023679619194E8
752, 3.839434470156699E8
768, 3.9777782752222246E8
784, 4.1164935970130634E8
800, 4.255031185780667E8
816, 4.393337183377293E8
832, 4.5319840859907293E8
848, 4.670620738338363E8
864, 4.808896771229543E8
880, 4.9474877636553097E8
896, 5.086202719932153E8
912, 5.224454777940168E8
928, 5.3629995341047823E8
944, 5.501776854738988E8
960, 5.640009614242406E8
976, 5.778515768706979E8
992, 5.91727654117076E8