0, 1.2129874197971793E11
1, 1.2001744096735332E11
2, 1.1873967151483669E11
3, 1.1746539273721132E11
4, 1.1619456232307127E11
5, 1.1492713637663243E11
6, 1.1366306964936517E11
7, 1.1240231598577794E11
8, 1.1114482754303699E11
9, 1.0989055513818626E11
10, 1.0863944826668481E11
11, 1.0739145512122638E11
12, 1.0614652250587318E11
13, 1.0490459610441522E11
14, 1.036656204504612E11
15, 1.0242953872857228E11
16, 1.0119629292126956E11
17, 9.996582383059485E10
18, 9.873807109999142E10
19, 9.751297304346736E10
20, 9.629046706931197E10
21, 9.507048956419441E10
22, 9.385297576045985E10
23, 9.263785984778294E10
24, 9.142507481819319E10
25, 9.021455234634628E10
26, 8.900622421609291E10
27, 8.780002048681166E10
28, 8.659586974090862E10
29, 8.539370130097499E10
30, 8.419344160680455E10
31, 8.299501823426227E10
32, 8.179835604994768E10
33, 8.060338110492888E10
34, 7.941001644592223E10
35, 7.821818662535388E10
36, 7.702781429136282E10
37, 7.583882102468413E10
38, 7.465112916408543E10
39, 7.346465966858136E10
40, 7.227933250529955E10
41, 7.109506785492778E10
42, 6.991178548482361E10
43, 6.872940448325063E10
44, 6.7547843579932335E10
45, 6.6367020755178154E10
46, 6.5186854446261154E10
47, 6.4007262729868E10
48, 6.2828163377360886E10
49, 6.164947405937545E10
50, 6.047111195890164E10
51, 5.9292994758962685E10
52, 5.811504050690141E10
53, 5.6937167097983475E10
54, 5.575929137302145E10
55, 5.458133289481566E10
56, 5.340320951624156E10
57, 5.2224840657673294E10
58, 5.104614526748005E10
59, 4.986704415916125E10
60, 4.868745782721672E10
61, 4.750730757664782E10
62, 4.632651580518213E10
63, 4.514500589884516E10
64, 4.3962702690433075E10
65, 4.277953198041695E10
66, 4.159542017447997E10
67, 4.041029589152692E10
68, 3.922408948939626E10
69, 3.803673236982348E10
70, 3.6848158098113625E10
71, 3.56583025067241E10
72, 3.446710362677126E10
73, 3.3274501607106487E10
74, 3.2080439081572197E10
75, 3.088486165827222E10
76, 2.9687717312314297E10
77, 2.8488958918701572E10
78, 2.7288541436344486E10
79, 2.608642300749711E10
80, 2.488256772810474E10
81, 2.367694111362164E10
82, 2.2469516014686962E10
83, 2.1260268632729942E10
84, 2.0049181042522438E10
85, 1.883623991276001E10
86, 1.7621439198294617E10
87, 1.6404779078764183E10
88, 1.5186265226968304E10
89, 1.396591210652427E10
90, 1.274374227508669E10
91, 1.1519785107888302E10
92, 1.0294080400781385E10
93, 9.066676971120209E9
94, 7.837635379635697E9
95, 6.60702397136767E9
96, 5.374924544341352E9
97, 4.141435762817899E9
98, 2.906661210370115E9
99, 1.6707300841822798E9
100, 4.3377420615156496E8
101, 7.970760712808889E8
102, 2.035585580525067E9
103, 3.27459982968364E9
104, 4.513904673081748E9
105, 5.753263854859556E9
106, 6.992425529313824E9
107, 8.231102337198346E9
108, 9.46898822925595E9
109, 1.0705748079870943E10
110, 1.194101501243486E10
111, 1.3174393326637733E10
112, 1.4405451429343811E10
113, 1.5633725427920387E10
114, 1.6858713213278143E10
115, 1.807987557282349E10
116, 1.929663309182776E10
117, 2.050836626040127E10
118, 2.1714414108421757E10
119, 2.291407268753919E10
120, 2.4106598092038067E10
121, 2.5291204072029522E10
122, 2.6467064992403393E10
123, 2.7633318449832664E10
124, 2.8789067664169277E10
125, 2.9933387788512856E10
126, 3.106532982464037E10
127, 3.218392801993859E10
128, 3.3288209376768723E10
129, 3.437720094337424E10
130, 3.544994070271444E10
131, 3.650548891078404E10
132, 3.7542937148794044E10
133, 3.8561421683442085E10
134, 3.956013092529743E10
135, 4.053831675376254E10
136, 4.1495300358032715E10
137, 4.243048007713904E10
138, 4.3343334041715096E10
139, 4.4233422802620964E10
140, 4.510038947146004E10
141, 4.594395737566832E10
142, 4.676392778304498E10
143, 4.7560173605489586E10
144, 4.833263518879726E10
145, 4.908131272205038E10
146, 4.9806259281286224E10
147, 5.0507575230911644E10
148, 5.118539930068935E10
149, 5.183990343437307E10
150, 5.24712855361764E10
151, 5.3079763839264984E10
152, 5.366557207498987E10
153, 5.4228953412468636E10
154, 5.477015790279947E10
155, 5.528943718712951E10
156, 5.5787041893581795E10
157, 5.626321881994181E10
158, 5.671820848789971E10
159, 5.715224303914612E10
160, 5.756554411345596E10
161, 5.795832216683285E10
162, 5.833077497904236E10
163, 5.868308627573384E10
164, 5.90154252516168E10
165, 5.9327946084627045E10
166, 5.9620786810275024E10
167, 5.989406970820287E10
168, 6.014790038566285E10
169, 6.060067991864918E10
170, 6.0597542605017426E10
171, 6.079348066390534E10
172, 6.09702191657931E10
173, 6.11277774729603E10
174, 6.126615891194426E10
175, 6.138534812755385E10
176, 6.1485312471574165E10
177, 6.156600208569063E10
178, 6.162734920668885E10
179, 6.166926837006593E10
180, 6.169165485324987E10
181, 6.1694386460947426E10
182, 6.168247413504938E10
183, 6.1687384086673035E10
184, 6.171596777728443E10
185, 6.176830216707618E10
186, 6.184477798290145E10
187, 6.1945590388694664E10
188, 6.207085191787037E10
189, 6.222064766595588E10
190, 6.2395035137053085E10
191, 6.2594044251753265E10
192, 6.2817677514664474E10
193, 6.306591033756509E10
194, 6.3338691512210175E10
195, 6.363594382493733E10
196, 6.39575648035693E10
197, 6.430342758567731E10
198, 6.4673381896092E10
199, 6.506725512062757E10
200, 6.548485346236864E10
201, 6.592596316649039E10
202, 6.639035179949163E10
203, 6.68777695688765E10
204, 6.7387950669689095E10
205, 6.792061464488683E10
206, 6.847546774728595E10
207, 6.905220429169597E10
208, 6.965050798686002E10
209, 7.02700532378808E10
210, 7.091050641093776E10
211, 7.157152705323015E10
212, 7.225276906221307E10
213, 7.295388179929904E10
214, 7.36745111442536E10
215, 7.441430048750943E10
216, 7.517289165855568E10
217, 7.594992578939961E10
218, 7.674504411286682E10
219, 7.755788869617625E10
220, 7.838810311082083E10
221, 7.923533304028407E10
222, 8.009922682754472E10
223, 8.097943596467038E10
224, 8.187561552706311E10
225, 8.278742455513512E10
226, 8.371452638633482E10
227, 8.465658894053014E10
228, 8.561328496181526E10
229, 8.65842922197935E10
230, 8.756929367337587E10
231, 8.856797760007031E10
232, 8.958003769364476E10
233, 9.060517313296715E10
234, 9.16430886246813E10
235, 9.269349442228062E10
236, 9.375610632397673E10
237, 9.483064565164926E10
238, 9.591683921299254E10
239, 9.701441924885951E10
240, 9.812312336764085E10
241, 9.924269446839192E10
242, 1.0037288065428293E11
243, 1.015134351378201E11
244, 1.0266411613915163E11
245, 1.0382468677867746E11
246, 1.0499491496504787E11
247, 1.0617457327954358E11
248, 1.073634388577289E11
249, 1.0856129326917961E11
250, 1.0976792239600093E11
251, 1.1098311631077228E11
252, 1.1220666915448314E11
253, 1.1343837901495903E11
254, 1.1467804780621242E11
255, 1.1592548114909889E11
256, 1.1718048825360945E11
257, 1.1844288180307855E11
258, 1.1971247784055286E11
259, 1.2098909565751752E11
260, 1.2227255768515154E11
261, 1.2356268938825085E11
262, 1.2485931916192133E11
263, 1.261622782311352E11
264, 1.2747140055320502E11
265, 1.2878652272322466E11
266, 1.301074838824966E11
267, 1.3143412562995897E11
268, 1.3276629193661067E11
269, 1.341038290629137E11
270, 1.354465854791498E11
271, 1.3679441178870065E11
272, 1.381471606542023E11
273, 1.3950468672653067E11
274, 1.4086684657656403E11
275, 1.42233498629661E11
276, 1.4360450310279156E11
277, 1.4497972194426086E11
278, 1.4635901877595135E11
279, 1.477422588380188E11
280, 1.4912930893596765E11
281, 1.5052003739003558E11
282, 1.5191431398681595E11
283, 1.5331200993304276E11
284, 1.5471299781146875E11
285, 1.5611715153876276E11
286, 1.5752434632535568E11
287, 1.5893445863716586E11
288, 1.6034736615913184E11
289, 1.6176294776048575E11
290, 1.6318108346170288E11
291, 1.6460165440305566E11
292, 1.660245428147133E11
293, 1.6744963198832224E11
294, 1.6887680625000592E11
295, 1.703059509347255E11
296, 1.7173695236194257E11
297, 1.7316969781252792E11
298, 1.7460407550686176E11
299, 1.7603997458407303E11
300, 1.774772850823651E11
301, 1.7891589792037842E11
302, 1.8035570487954382E11
303, 1.817965985873776E11
304, 1.832384725016759E11
305, 1.846812208955612E11
306, 1.8612473884334528E11
307, 1.8756892220716187E11
308, 1.8901366762433456E11
309, 1.9045887249544055E11
310, 1.919044349730343E11
311, 1.9335025395100027E11
312, 1.9479622905449237E11
313, 1.9624226063044116E11
314, 1.976882497385862E11
315, 1.9913409814301038E11
316, 2.0057970830414548E11
317, 2.0202498337122824E11
318, 2.034698271751686E11
319, 2.0491414422181744E11
320, 2.0635783968560312E11
321, 2.0780081940351776E11
322, 2.09242989869427E11
323, 2.1068425822868903E11
324, 2.1212453227305652E11
325, 2.1356372043584738E11
326, 2.150017317873625E11
327, 2.164384760305361E11
328, 2.1787386349680054E11
329, 2.1930780514215268E11
330, 2.2074021254340268E11
331, 2.2217099789459354E11
332, 2.2360007400357956E11
333, 2.2502735428874783E11
334, 2.2645275277587305E11
335, 2.2787618409509314E11
336, 2.292975634779936E11
337, 2.3071680675479388E11
338, 2.321338303516238E11
339, 2.3354855128788077E11
340, 2.349608871736582E11
341, 2.363707562072414E11
342, 2.3777807717265747E11
343, 2.3918276943727905E11
344, 2.4058475294946548E11
345, 2.419839482362454E11
346, 2.433802764010296E11
347, 2.4477365912134946E11
348, 2.4616401864661273E11
349, 2.4755127779588257E11
350, 2.489353599556597E11
351, 2.503161890776779E11
352, 2.5169368967670074E11
353, 2.5306778682832144E11
354, 2.5443840616675644E11
355, 2.5580547388263715E11
356, 2.5716891672079068E11
357, 2.5852866197801416E11
358, 2.59884637500833E11
359, 2.6123677168324847E11
360, 2.6258499346446683E11
361, 2.639292323266129E11
362, 2.6526941829242786E11
363, 2.666054819229443E11
364, 2.6793735431514255E11
365, 2.6926496709958807E11