0, 4.3377420615156496E8
8, 4.265874892946309E8
16, 4.194056507973166E8
24, 4.1221274156375235E8
32, 4.050056987986551E8
40, 3.978030788286891E8
48, 3.906051313537092E8
56, 3.834121246235416E8
64, 3.762243469760857E8
72, 3.690421088218549E8
80, 3.618611758175655E8
88, 3.5465038673801094E8
96, 3.474445464676585E8
104, 3.4024397462755287E8
112, 3.330490181353938E8
120, 3.258600538716788E8
128, 3.186774922742892E8
136, 3.1150178071092576E8
144, 3.0429602050941277E8
152, 2.970861455739614E8
160, 2.898823005298742E8
168, 2.8268495122442013E8
176, 2.75494611336528E8
184, 2.6831184850839603E8
192, 2.6113729143036982E8
200, 2.5394381659793434E8
208, 2.4672863947440127E8
216, 2.395204955769525E8
224, 2.3232004331403965E8
232, 2.2512802342961335E8
240, 2.1794527243286258E8
248, 2.107727378622622E8
256, 2.0359616393606296E8
264, 1.963735514105247E8
272, 1.8915934353219682E8
280, 1.8195453974381104E8
288, 1.747603001054175E8
296, 1.675779787924645E8
304, 1.604091656211051E8
312, 1.532557389129521E8
320, 1.46024426438601E8
328, 1.388007131692944E8
336, 1.3158903707715824E8
344, 1.2439146777847996E8
352, 1.1721056629127418E8
360, 1.1004953785834017E8
368, 1.0291244482801051E8
376, 9.569188353171475E7
384, 8.845045854543248E7
392, 8.122547781860101E7
400, 7.402162208402015E7
408, 6.684548880891904E7
416, 5.970666615985133E7
424, 5.261960200600445E7
432, 4.5429323999129094E7
440, 3.814179861418044E7
448, 3.087645177114407E7
456, 2.3651879562978834E7
464, 1.6514281025069363E7
472, 9614336.481610162
480, 3756977.0102017242