0, 1.1423197028230785E11
1, 1.1299062750455316E11
2, 1.1175229945876558E11
3, 1.1051693431284496E11
4, 1.092844793849625E11
5, 1.0805488004985313E11
6, 1.0682808058654616E11
7, 1.0560402393419186E11
8, 1.0438265200927277E11
9, 1.0316390506449866E11
10, 1.0194772214884674E11
11, 1.0073404112894283E11
12, 9.952279871145105E10
13, 9.831393046521304E10
14, 9.710737084367453E10
15, 9.590305223355994E10
16, 9.47009073204741E10
17, 9.350086626032661E10
18, 9.230285885826865E10
19, 9.110681372978372E10
20, 8.991265829052466E10
21, 8.872031878441707E10
22, 8.752972028967882E10
23, 8.634078770995314E10
24, 8.515344340752293E10
25, 8.396761034073885E10
26, 8.278320959135715E10
27, 8.160016140506125E10
28, 8.041838521931165E10
29, 7.923779969120612E10
30, 7.805832248015555E10
31, 7.687987002927377E10
32, 7.570235876661131E10
33, 7.452570386030832E10
34, 7.3349819586071E10
35, 7.217461960354811E10
36, 7.100001698758694E10
37, 6.982592426003938E10
38, 6.865225338894167E10
39, 6.747891466341283E10
40, 6.630581958730089E10
41, 6.5132877963432915E10
42, 6.3959998991677185E10
43, 6.278709226145143E10
44, 6.161406654368881E10
45, 6.04408300348166E10
46, 5.92672909383448E10
47, 5.809335749924827E10
48, 5.691893716159684E10
49, 5.57439374870053E10
50, 5.456826612417529E10
51, 5.339183074593946E10
52, 5.221453829764004E10
53, 5.103629713316576E10
54, 4.985701507573403E10
55, 4.8676600001275826E10
56, 4.749496036958363E10
57, 4.6312005460308716E10
58, 4.512764478561536E10
59, 4.394178851930189E10
60, 4.27543468733941E10
61, 4.156523215674486E10
62, 4.0374357265548096E10
63, 3.9181634813394936E10
64, 3.798698094294986E10
65, 3.679031118545084E10
66, 3.5591543289029755E10
67, 3.439059693985375E10
68, 3.318739309017374E10
69, 3.198185465742436E10
70, 3.0773907472908028E10
71, 2.956347895548162E10
72, 2.8350499465289738E10
73, 2.7134902020618454E10
74, 2.5916622889364338E10
75, 2.469560189587461E10
76, 2.347178160159706E10
77, 2.2245109654346333E10
78, 2.1015537447005535E10
79, 1.978302085364548E10
80, 1.8547521774577686E10
81, 1.730900601987997E10
82, 1.6067446751210733E10
83, 1.4822823924360695E10
84, 1.3575122357748291E10
85, 1.232433695259191E10
86, 1.1070470691967669E10
87, 9.813532923884457E9
88, 8.5535476534448185E9
89, 7.290544902953435E9
90, 6.024567671028743E9
91, 4.755675348065814E9
92, 3.483937497287189E9
93, 2.2094408458201904E9
94, 9.322843867064505E8
95, 3.40321907628044E8
96, 1.6224050726607695E9
97, 2.9067179768114033E9
98, 4.1930786595242553E9
99, 5.481271136741695E9
100, 6.77105370299799E9
101, 8.062152543116002E9
102, 9.35425831596963E9
103, 1.0647023165499317E10
104, 1.1940057961409254E10
105, 1.3232926825787237E10
106, 1.452514297043764E10
107, 1.5816164927992575E10
108, 1.7105390475381762E10
109, 1.8392152282560207E10
110, 1.967571174562108E10
111, 2.0955255403140705E10
112, 2.2229888495578728E10
113, 2.3498631335020657E10
114, 2.4760416410008003E10
115, 2.6014086589566456E10
116, 2.725839574080546E10
117, 2.8492011907898403E10
118, 2.9713525111097E10
119, 3.092145764182481E10
120, 3.2114281427084995E10
121, 3.3290438521608242E10
122, 3.4448366881294815E10
123, 3.558653084602951E10
124, 3.670345205740172E10
125, 3.7797743178748474E10
126, 3.886813780631346E10
127, 3.99135157277977E10
128, 4.093292429922647E10
129, 4.192558888190398E10
130, 4.289091830454858E10
131, 4.382850054393629E10
132, 4.473809370220535E10
133, 4.561961065749072E10
134, 4.6473101669041336E10
135, 4.729873469453979E10
136, 4.8096775476375946E10
137, 4.8867568605260506E10
138, 4.96115203753222E10
139, 5.032908218290015E10
140, 5.102073728332319E10
141, 5.168698911011271E10
142, 5.232835111829878E10
143, 5.2945339093436264E10
144, 5.35384640292958E10
145, 5.4108227511426125E10
146, 5.4655117844961006E10
147, 5.517960613130544E10
148, 5.5682144387890465E10
149, 5.6163163928421234E10
150, 5.6623074170551476E10
151, 5.706226163251879E10
152, 5.7481089649677895E10
153, 5.787989830621489E10
154, 5.825900363660976E10
155, 5.8618699219528404E10
156, 5.895925455698632E10
157, 5.928091711883301E10
158, 5.958391146220063E10
159, 5.98684401922432E10
160, 6.013468403145051E10
161, 6.038280237888573E10
162, 6.0612933258095764E10
163, 6.0825194939746346E10
164, 6.101968420664475E10
165, 6.119647828428476E10
166, 6.135563479163662E10
167, 6.149719131392438E10
168, 6.1621166007336655E10
169, 6.188290607241001E10
170, 6.18163464697597E10
171, 6.188749200549299E10
172, 6.194093572596177E10
173, 6.197659940581815E10
174, 6.199438422270394E10
175, 6.199417193674372E10
176, 6.197582119170124E10
177, 6.193916370418969E10
178, 6.188397886560654E10
179, 6.181063031676483E10
180, 6.1745697715012405E10
181, 6.170349438480021E10
182, 6.1684599380771935E10
183, 6.168925941049638E10
184, 6.171751222603958E10
185, 6.176979489429223E10
186, 6.1846273712033165E10
187, 6.194708832852003E10
188, 6.207235127228977E10
189, 6.222214763652371E10
190, 6.239653492551187E10
191, 6.259554306254709E10
192, 6.281917455740738E10
193, 6.3067404829442444E10
194, 6.334018268029185E10
195, 6.363743090838304E10
196, 6.3959047055708885E10
197, 6.430490427595068E10
198, 6.467485231183603E10
199, 6.506871856869993E10
200, 6.548630927060075E10
201, 6.592741068496485E10
202, 6.639179040164124E10
203, 6.6879198652405266E10
204, 6.7389369657316925E10
205, 6.792202298492258E10
206, 6.847686491403425E10
207, 6.905358978570586E10
208, 6.965188133502371E10
209, 7.027141399339293E10
210, 7.091185415312521E10
211, 7.157286138726402E10
212, 7.225408961871404E10
213, 7.295518823384781E10
214, 7.36758031368179E10
215, 7.441557774179892E10
216, 7.517415390131561E10
217, 7.595117276965375E10
218, 7.674627560111945E10
219, 7.75591044835826E10
220, 7.838930300833443E10
221, 7.923651687778893E10
222, 8.010039445297946E10
223, 8.098058724315073E10
224, 8.187675034000851E10
225, 8.278854279940446E10
226, 8.371562797337572E10
227, 8.465767379554541E10
228, 8.561435302294983E10
229, 8.658534343734447E10
230, 8.757032800902753E10
231, 8.856899502615631E10
232, 8.95810381924382E10
233, 9.060615669599983E10
234, 9.164405525209239E10
235, 9.26944441221955E10
236, 9.375703911191544E10
237, 9.483156154996497E10
238, 9.591773825033916E10
239, 9.701530145968832E10
240, 9.812398879172525E10
241, 9.924354315037962E10
242, 1.0037371264327472E11
243, 1.015142504869743E11
244, 1.0266491490531326E11
245, 1.0382546902203114E11
246, 1.0499568074879343E11
247, 1.0617532266959328E11
248, 1.0736417192242532E11
249, 1.0856201007903333E11
250, 1.0976862302344644E11
251, 1.1098380082994197E11
252, 1.1220733764099753E11
253, 1.1343903154573303E11
254, 1.1467868445927621E11
255, 1.1592610200343286E11
256, 1.17181093388992E11
257, 1.1844347129994647E11
258, 1.19713051779873E11
259, 1.2098965412066925E11
260, 1.2227310075381937E11
261, 1.2356321714432631E11
262, 1.2485983168741376E11
263, 1.2616277560809055E11
264, 1.2747188286363237E11
265, 1.2878699004902971E11
266, 1.3010793630542174E11
267, 1.3143456323152948E11
268, 1.3276671479808652E11
269, 1.3410423726524655E11
270, 1.3544697910294487E11
271, 1.3679479091418292E11
272, 1.3814752536118707E11
273, 1.3950503709439767E11
274, 1.4086718268423505E11
275, 1.4223382055558075E11
276, 1.4360481092491168E11
277, 1.4498001574002615E11
278, 1.4635929862228897E11
279, 1.4774252481132938E11
280, 1.4912956111211856E11
281, 1.505202758443562E11
282, 1.5191453879409427E11
283, 1.5331222116752405E11
284, 1.547131955468552E11
285, 1.561173358482144E11
286, 1.5752451728149277E11
287, 1.589346163120718E11
288, 1.6034751062435748E11
289, 1.6176307908705408E11
290, 1.6318120172011465E11
291, 1.6460175966329572E11
292, 1.660246351462571E11
293, 1.674497114601433E11
294, 1.6887687293058328E11
295, 1.703060048920518E11
296, 1.7173699366353217E11
297, 1.7316972652542563E11
298, 1.7460409169765118E11
299, 1.7603997831888583E11
300, 1.7747727642688962E11
301, 1.7891587693986874E11
302, 1.8035567163882898E11
303, 1.8179655315087045E11
304, 1.832384149333823E11
305, 1.8468115125908896E11
306, 1.8612465720191315E11
307, 1.8756882862360837E11
308, 1.8901356216112677E11
309, 1.904587552146827E11
310, 1.9190430593647644E11
311, 1.9335011322004642E11
312, 1.9479607669020908E11
313, 1.9624209669356522E11
314, 1.9768807428953302E11
315, 1.9913391124188113E11
316, 2.005795100107352E11
317, 2.0202477374503287E11
318, 2.0346960627539236E11
319, 2.049139121073797E11
320, 2.0635759641514536E11
321, 2.0780056503541006E11
322, 2.0924272446177454E11
323, 2.106839818393383E11
324, 2.1212424495960132E11
325, 2.1356342225563477E11
326, 2.1500142279749835E11
327, 2.1643815628789075E11
328, 2.1787353305801382E11
329, 2.1930746406363928E11
330, 2.2073986088135687E11
331, 2.221706357049942E11
332, 2.235997013421944E11
333, 2.250269712111381E11
334, 2.2645235933739767E11
335, 2.278757803509128E11
336, 2.2929714948307462E11
337, 2.3071638256391214E11
338, 2.3213339601936826E11
339, 2.3354810686865692E11
340, 2.349604327216915E11
341, 2.363702917765805E11
342, 2.3777760281717722E11
343, 2.3918228521068347E11
344, 2.4058425890529056E11
345, 2.4198344442786188E11
346, 2.433797628816456E11
347, 2.4477313594401276E11
348, 2.4616348586421347E11
349, 2.4755073546115524E11
350, 2.4893480812118555E11
351, 2.50315627795887E11
352, 2.5169311899987393E11
353, 2.530672068085923E11
354, 2.544378168561131E11
355, 2.558048753329243E11
356, 2.5716830898371085E11
357, 2.5852804510512985E11
358, 2.598840115435679E11
359, 2.6123613669288925E11
360, 2.625843494921644E11
361, 2.6392857942338394E11
362, 2.6526875650915622E11
363, 2.666048113103822E11
364, 2.6793667492391205E11
365, 2.6926427898018225E11