0, 1.179314217155735E11
1, 1.1665637721906577E11
2, 1.1538478871948582E11
3, 1.141166127391697E11
4, 1.1285180429121013E11
5, 1.115903169807593E11
6, 1.1033210304673248E11
7, 1.0907711337918709E11
8, 1.0782529753766322E11
9, 1.0657660376990533E11
10, 1.0533097885408078E11
11, 1.0408836850568762E11
12, 1.0284871721483524E11
13, 1.0161196817092676E11
14, 1.0037806335111475E11
15, 9.914694354101878E10
16, 9.791854763841292E10
17, 9.66928146818747E10
18, 9.546968205283386E10
19, 9.424908506143188E10
20, 9.303095952401279E10
21, 9.181523900278532E10
22, 9.060185651398376E10
23, 8.939074384054118E10
24, 8.818183217653534E10
25, 8.697505073125197E10
26, 8.577032923357457E10
27, 8.45675955024671E10
28, 8.336677614395787E10
29, 8.216779804049127E10
30, 8.097058658937846E10
31, 7.9775066406678E10
32, 7.858116136076588E10
33, 7.738879460669566E10
34, 7.619788862178387E10
35, 7.500836524214705E10
36, 7.382014570051822E10
37, 7.263315066511354E10
38, 7.144730027902608E10
39, 7.026251420165358E10
40, 6.907871165028767E10
41, 6.78958114430062E10
42, 6.6713731842069595E10
43, 6.5532390767328606E10
44, 6.4351706509743935E10
45, 6.317159675257904E10
46, 6.199197901057296E10
47, 6.0812770392586555E10
48, 5.963388819501195E10
49, 5.845525010296818E10
50, 5.727677349156367E10
51, 5.6098375837768555E10
52, 5.491997478400694E10
53, 5.37414882076514E10
54, 5.256283429709082E10
55, 5.1383931637270164E10
56, 5.020469930416698E10
57, 4.9025056973477234E10
58, 4.784492416367164E10
59, 4.6664222101789246E10
60, 4.548287227034854E10
61, 4.4300797468992516E10
62, 4.311792047874511E10
63, 4.193416629525074E10
64, 4.074946029913839E10
65, 3.956373015322844E10
66, 3.837690476191821E10
67, 3.718891434287497E10
68, 3.599969067134116E10
69, 3.48091682837598E10
70, 3.3617284101341736E10
71, 3.2423976332458187E10
72, 3.122918614085286E10
73, 3.0032858593084496E10
74, 2.8834939726988834E10
75, 2.7635380093351887E10
76, 2.6434133896404472E10
77, 2.523115885820517E10
78, 2.402641541152708E10
79, 2.281987022181356E10
80, 2.161149342439304E10
81, 2.0401260554590786E10
82, 1.9189152138706406E10
83, 1.79751545363409E10
84, 1.6759260190481258E10
85, 1.5541467809123566E10
86, 1.43217845850522E10
87, 1.310022354535671E10
88, 1.1876804999957102E10
89, 1.065156099424839E10
90, 9.424531850300852E9
91, 8.195763331893483E9
92, 6.965320079761632E9
93, 5.733271099037546E9
94, 4.499700861291946E9
95, 3.264706807806321E9
96, 2.0284065536552277E9
97, 7.909191865037423E8
98, 4.406544877380165E8
99, 1.6800491172370465E9
100, 2.920168405135353E9
101, 4.160793263330622E9
102, 5.401699178823166E9
103, 6.642645233353727E9
104, 7.88336461226705E9
105, 9.123558834752222E9
106, 1.0362907676689075E10
107, 1.1601057087721643E10
108, 1.2837621946486933E10
109, 1.4072183206918995E10
110, 1.530428574552513E10
111, 1.6533436085863718E10
112, 1.7759103217546356E10
113, 1.8980712814579296E10
114, 2.0197647149856552E10
115, 2.140924637186862E10
116, 2.2614803352727432E10
117, 2.3813567330826576E10
118, 2.5004741602287704E10
119, 2.6187485734350494E10
120, 2.736091741158295E10
121, 2.852411591137842E10
122, 2.967612654537589E10
123, 3.0815965776400692E10
124, 3.1942629214914974E10
125, 3.3055100568495457E10
126, 3.415235987335954E10
127, 3.523339655057695E10
128, 3.629722015747875E10
129, 3.7342872697086555E10
130, 3.8369441111864876E10
131, 3.937606822558772E10
132, 4.03619644239348E10
133, 4.13264153625692E10
134, 4.226878940566465E10
135, 4.318854235685555E10
136, 4.408521963495335E10
137, 4.495845654135048E10
138, 4.580797548889687E10
139, 4.663358326263609E10
140, 4.743516457959444E10
141, 4.821267525638356E10
142, 4.8966136204526344E10
143, 4.969562418457357E10
144, 5.040126488290854E10
145, 5.1083224921591965E10
146, 5.174170384823987E10
147, 5.2376928956431694E10
148, 5.298914722264349E10
149, 5.357862023016112E10
150, 5.414561930829762E10
151, 5.469042120555367E10
152, 5.521330291293694E10
153, 5.5714540333295074E10
154, 5.619440380497682E10
155, 5.665315587594019E10
156, 5.709105059031775E10
157, 5.750832995241178E10
158, 5.790522347608E10
159, 5.828194742484284E10
160, 5.863870315700848E10
161, 5.897567673586131E10
162, 5.929303818135602E10
163, 5.959094090296778E10
164, 5.98695219768178E10
165, 6.012890134167158E10
166, 6.03691810562393E10
167, 6.059044677478422E10
168, 6.0792765771291306E10
169, 6.116641270616049E10
170, 6.114074657684788E10
171, 6.128645504844424E10
172, 6.141331088076656E10
173, 6.152129323180136E10
174, 6.1610362955262955E10
175, 6.1680464148649704E10
176, 6.173152139800265E10
177, 6.176344242967265E10
178, 6.177611535599178E10
179, 6.1769406744940094E10
180, 6.174314619126528E10
181, 6.170528019662138E10
182, 6.1686873065648636E10
183, 6.169199863789476E10
184, 6.172070428391708E10
185, 6.1773376413477684E10
186, 6.185025075462901E10
187, 6.195146641287819E10
188, 6.207713535710829E10
189, 6.222734210804593E10
190, 6.2402143587920616E10
191, 6.260156913160167E10
192, 6.282562065732687E10
193, 6.307427299300801E10
194, 6.334747435207964E10
195, 6.364514695101884E10
196, 6.396718775899251E10
197, 6.431346936866497E10
198, 6.4683840976033875E10
199, 6.507812945624161E10
200, 6.549614052169165E10
201, 6.5937659948434845E10
202, 6.640245485670927E10
203, 6.689027503165648E10
204, 6.740085427063244E10
205, 6.793391174411217E10
206, 6.8489153357921234E10
207, 6.906627310544102E10
208, 6.966495439941098E10
209, 7.0284871374033E10
210, 7.092569014920168E10
211, 7.158707004981348E10
212, 7.226866477424837E10
213, 7.297012350720816E10
214, 7.369109197317068E10
215, 7.443121342769318E10
216, 7.519012958474118E10
217, 7.596748147906184E10
218, 7.676291026337408E10
219, 7.757605794083E10
220, 7.840656803379068E10
221, 7.925408619045E10
222, 8.01182607312776E10
223, 8.099874313757689E10
224, 8.189518848473679E10
225, 8.280725582295447E10
226, 8.373460850835391E10
227, 8.467691448751239E10
228, 8.563384653845444E10
229, 8.66050824711784E10
230, 8.759030529074739E10
231, 8.858920332591776E10
232, 8.960147032619553E10
233, 9.062680553011208E10
234, 9.166491370738776E10
235, 9.27155051775315E10
236, 9.377829580728242E10
237, 9.485300698917087E10
238, 9.593936560331256E10
239, 9.70371039644367E10
240, 9.81459597559826E10
241, 9.926567595297523E10
242, 1.0039600073525049E11
243, 1.0153668739247993E11
244, 1.0268749422230447E11
245, 1.038481844227937E11
246, 1.0501852598031305E11
247, 1.061982915537928E11
248, 1.0738725835628659E11
249, 1.0858520803461943E11
250, 1.0979192654783963E11
251, 1.1100720404510938E11
252, 1.12230834743599E11
253, 1.1346261680687885E11
254, 1.1470235222424579E11
255, 1.159498466913633E11
256, 1.1720490949254323E11
257, 1.184673533849502E11
258, 1.1973699448496935E11
259, 1.2101365215694025E11
260, 1.2229714890441966E11
261, 1.2358731026411525E11
262, 1.2488396470259525E11
263, 1.2618694351585895E11
264, 1.2749608073183064E11
265, 1.2881121301581734E11
266, 1.3013217957895901E11
267, 1.3145882208967476E11
268, 1.3279098458810872E11
269, 1.3412851340355319E11
270, 1.3547125707482736E11
271, 1.3681906627357608E11
272, 1.3817179373044604E11
273, 1.395292941640909E11
274, 1.40891424212951E11
275, 1.422580423697476E11
276, 1.4362900891863547E11
277, 1.4500418587493765E11
278, 1.4638343692740555E11
279, 1.477666273829264E11
280, 1.4915362411361185E11
281, 1.505442955061941E11
282, 1.519385114136571E11
283, 1.5333614310903244E11
284, 1.5473706324128232E11
285, 1.5614114579320535E11
286, 1.5754826604128653E11
287, 1.589583005174274E11
288, 1.6037112697248123E11
289, 1.6178662434152798E11
290, 1.6320467271082394E11
291, 1.646251532863558E11
292, 1.6604794836393875E11
293, 1.6747294130079303E11
294, 1.689000164885413E11
295, 1.7032905932756476E11
296, 1.7175995620265903E11
297, 1.73192594459937E11
298, 1.7462686238492197E11
299, 1.7606264918177832E11
300, 1.7749984495362772E11
301, 1.7893834068390378E11
302, 1.8037802821869296E11
303, 1.818188002500202E11
304, 1.8326055030002957E11
305, 1.8470317270602155E11
306, 1.861465626062994E11
307, 1.8759061592679056E11
308, 1.890352293684002E11
309, 1.90480300395061E11
310, 1.9192572722244183E11
311, 1.9337140880728476E11
312, 1.948172448373316E11
313, 1.9626313572181174E11
314, 1.9770898258245966E11
315, 1.991546872450353E11
316, 2.006001522313121E11
317, 2.0204528075151324E11
318, 2.0348997669716803E11
319, 2.0493414463435956E11
320, 2.0637768979734573E11
321, 2.0782051808252853E11
322, 2.09262536042746E11
323, 2.107036508818754E11
324, 2.1214377044971793E11
325, 2.1358280323715073E11
326, 2.1502065837153046E11
327, 2.1645724561232516E11
328, 2.178924753469636E11
329, 2.193262585868839E11
330, 2.2075850696376715E11
331, 2.221891327259404E11
332, 2.236180487349386E11
333, 2.2504516846221198E11
334, 2.264704059859627E11
335, 2.278936759881074E11
336, 2.29314893751347E11
337, 2.3073397515633615E11
338, 2.3215083667894653E11
339, 2.3356539538760986E11
340, 2.3497756894073254E11
341, 2.363872755841781E11
342, 2.3779443414880444E11
343, 2.3919896404805182E11
344, 2.4060078527557556E11
345, 2.4199981840291534E11
346, 2.4339598457719495E11
347, 2.44789205518849E11
348, 2.4617940351937265E11
349, 2.475665014390811E11
350, 2.489504227048911E11
351, 2.5033109130810034E11
352, 2.5170843180217828E11
353, 2.5308236930055374E11
354, 2.5445282947440277E11
355, 2.558197385504296E11
356, 2.5718302330864233E11
357, 2.585426110801188E11
358, 2.5989842974475687E11
359, 2.6125040772901523E11
360, 2.6259847400363858E11
361, 2.6394255808136447E11
362, 2.6528259001461456E11
363, 2.6661850039316498E11
364, 2.6795022034179968E11
365, 2.6927768151794257E11