0, 7.909191865037423E8
16, 7.765139219519062E8
32, 7.621168480709988E8
48, 7.477284641360092E8
64, 7.333343969735992E8
80, 7.189286411672394E8
96, 7.045318219568346E8
112, 6.90144526389209E8
128, 6.757471590598785E8
144, 6.61341081327531E8
160, 6.469448259228736E8
176, 6.325590932682306E8
192, 6.181574819912434E8
208, 6.037513010153718E8
224, 5.89356011306649E8
240, 5.749724632111075E8
256, 5.605653809748392E8
272, 5.461593860451547E8
288, 5.317655975927974E8
304, 5.173850694283603E8
320, 5.0297088061886287E8
336, 4.8856546484792775E8
352, 4.741739130734799E8
368, 4.5979277725267917E8
384, 4.453740209119385E8
400, 4.30969738245377E8
416, 4.165814708691086E8
432, 4.0219405188557476E8
448, 3.877748694915015E8
464, 3.73372534270856E8
480, 3.589891171275029E8
496, 3.4459278116149336E8
512, 3.301735462332656E8
528, 3.157744263812548E8
544, 3.013983482405925E8
560, 2.869889506983808E8
576, 2.72570280075323E8
592, 2.581765067519451E8
608, 2.4381207721957132E8
624, 2.293825405688336E8
640, 2.1496555833248532E8
656, 2.005811317877774E8
672, 1.8622237513413277E8
688, 1.7177352003583777E8
704, 1.573606090914332E8
720, 1.4299445518459803E8
736, 1.286187958804785E8
752, 1.1416184030640888E8
768, 9.975956332859959E7
784, 8.543900545763157E7
800, 7.102200053967614E7
816, 5.654750033338071E7
832, 4.2188953405056E7
848, 2.810903383092355E7
864, 1.3522280113323305E7
880, 1
896, 8850486.360090954
912, 2.326370283104689E7
928, 3.7327443380229264E7
944, 5.169647125067607E7
960, 6.618313782838784E7
976, 8.058423803644893E7
992, 9.490771300207882E7
1008, 1.0931628695272143E8
1024, 1.2378130649089329E8
1040, 1.3814688656437138E8
1056, 1.525187739054461E8
1072, 1.6693938745731854E8
1088, 1.8139402964625737E8
1104, 1.9574510095144403E8
1120, 2.1013811701077414E8
1136, 2.2456524095747504E8
1152, 2.3898241090710458E8
1168, 2.5335687242714572E8
1184, 2.677621790205518E8
1200, 2.8219374472300756E8
1216, 2.9658696781847775E8
1232, 3.1097622534070516E8
1248, 3.253898588350299E8
1264, 3.3982411670471627E8
1280, 3.5420117403863627E8
1296, 3.686008598690236E8
1312, 3.830207022172637E8
1328, 3.9743350746637857E8
1344, 4.118221082113992E8
1360, 4.262297012609019E8
1376, 4.406544877380165E8
1392, 4.5505071996191293E8
1408, 4.694482661142898E8
1424, 4.838621801506049E8
1440, 4.9828480893835324E8
1456, 5.126740102735947E8
1472, 5.2707879486511546E8
1488, 5.41497967099299E8
1504, 5.559052871573354E8
1520, 5.703023331962214E8
1536, 5.847131750619131E8
1552, 5.991368590425644E8
1568, 6.135313583358119E8
1584, 6.279350249454842E8
1600, 6.423510729538426E8
1616, 6.567648109211937E8
1632, 6.711622581830518E8
1648, 6.855716436396703E8
1664, 6.999922645230951E8
1680, 7.143939204854496E8
1696, 7.287974634347055E8
1712, 7.432118846259774E8
1728, 7.576292751859257E8
1744, 7.720276722769078E8
1760, 7.864366039603388E8
1776, 8.008555310160652E8
1792, 8.1526159256382E8
1808, 8.296656462067704E8
1824, 8.440794110199666E8
1840, 8.584986829358351E8
1856, 8.728983887146926E8
1872, 8.873075317058105E8
1888, 9.017256850093726E8
1904, 9.161343263722198E8
1920, 9.305393207349657E8
1936, 9.449530941325942E8
1952, 9.593730451114428E8
1968, 9.737743075565352E8
1984, 9.881841256750376E8
2000, 1.002602153398741E9
2016, 1.0170121017983032E9
2032, 1.031418341657067E9