100

0.04644532497182383 0.08409198851932914 0.0019242016825451668 0.009813126305357042 0.0015
0.03020559967716311 0.04004233287738313 0.00107474328498815 0.009942078599134735 0.0015
0.08745134568079735 0.008444155412429138 0.0071273461943804255 0.007014337903569436 0.0015
0.020933542000467167 0.06809333306343704 0.009391122813948938 0.003436104232023207 0.0015
0.00340905736208867 0.032275556056447025 0.007682005238800472 0.006402093057043306 0.0015
0.10574594790607328 0.07798796342422676 0.009115290691488663 0.004112356454596335 0.0015
0.05290093403112344 0.06076917615970714 0.0070129881133516574 0.007128674331317736 0.0015
0.08335372338643052 0.07151099583204494 0.00782300149049601 0.006229016590096483 0.0015
0.0021814291247726826 0.06787452824257383 0.004093064552571265 0.009123969671611398 0.0015
0.03937297367311992 0.014034190069037611 0.007178238801409306 0.006962247317493246 0.0015
0.007316948468942859 0.06896725659662176 0.007435185707971151 0.0066871528685967345 0.0015
0.06681287492346914 0.071775694339039 0.009580782594760714 0.00286506629450876 0.0015
0.05827876872505015 0.056670073345861646 4.3121922603719275E-4 0.00999069817275529 0.0015
0.05440041202006865 0.040182419855635865 0.009529091970155102 0.003032557703379371 0.0015
0.09512490824004002 0.08917201256130543 0.007821955635136235 0.006230329850173304 0.0015
0.03915324048223367 0.03043491653140254 0.006219881041803873 0.007830266906422077 0.0015
0.009849218946085463 0.025540617518376902 0.002546217425349814 0.009670407272852833 0.0015
0.04895380414402138 0.008173744787620993 0.008367317357566737 0.005476130042079205 0.0015
0.0680201587591524 0.030403412960954536 0.00606414412312883 0.007951487662942205 0.0015
0.07550541081609856 0.010327842494209554 0.009747242497664526 0.0022341136255174276 0.0015
0.0928765686903628 0.03923253910334157 0.001420569935730459 0.009898584800753023 0.0015
0.041675047419701454 0.07462525071528571 0.008979023685446152 0.004401946575799961 0.0015
0.0016843533205913985 0.001564763615352005 0.0063171742127582035 0.007751987484875268 0.0015
0.07135563650572438 0.01657739133480293 0.0011726346155451683 0.009931008410953302 0.0015
0.06786028639752785 0.0897476090758499 0.005348059457197925 0.008449749111202998 0.0015
0.09342062883878066 0.023907434802754264 0.004668965381687538 0.00884311948718343 0.0015
0.10178648181454972 0.04427854193869942 0.007428901511425373 0.006694133426631247 0.0015
0.07266999680171461 0.05979305438479472 0.006910898895252014 0.0072276881822339635 0.0015
0.11691611931439011 0.031057207079116137 2.657587481336021E-4 0.009996467990635015 0.0015
0.034938691017961584 0.08124458590447522 0.006244772231496347 0.007810430191528002 0.0015
0.10835321537239403 0.05114830812659091 3.4673845330883803E-4 0.009993986814329755 0.0015
0.08211360056099477 0.04774252160518451 0.0022682570189276707 0.009739353679587026 0.0015
0.036042559997670115 0.07284183471515342 0.008012752606783191 0.005982958771585274 0.0015
0.06855349842601201 0.03731086530652774 0.0024811265892080237 0.009687311848408977 0.0015
0.04061492166537818 0.060635033192248985 0.007090708441216314 0.007051372476451922 0.0015
0.04045896411450998 0.008447892531726897 0.0030564061899865025 0.009521469487521986 0.0015
0.0353246820120017 0.05117204055640637 0.0014069806518977024 0.009900525513586918 0.0015
0.022901555096416486 0.04076305531442809 0.004513822231102956 0.008923307058820778 0.0015
0.09972764855659746 0.0744955570922339 0.0036599094459774497 0.009306184118490513 0.0015
0.06468539380411199 0.05776841315160977 0.007279314489927644 0.006856499147285694 0.0015
0.07593819810230124 0.08297110177057583 0.008420229942760803 0.0053944163457258654 0.0015
0.050811216121197864 0.049807417200456935 0.008161321297422976 0.005778653362179649 0.0015
0.06956338359364422 4.561177295325924E-4 0.008152869978046803 0.005790570880410939 0.0015
0.005947808274068546 0.08606462279743085 0.006661238812242523 0.007458411190479767 0.0015
0.09645116401081986 0.06331417413769544 0.007618101649339359 0.006478003339018355 0.0015
0.10751310039383158 0.03292838081604189 0.008138592961781557 0.005810619984342437 0.0015
0.055529070516729555 0.08174230646372 0.0015770196428966266 0.009874867545740459 0.0015
0.06720047102685828 0.055226607485356856 0.006806601833366265 0.007325992866636918 0.0015
0.0019102604650053133 0.0613404056036005 0.004008938837713717 0.009161244969733676 0.0015
0.0866495946393841 0.024945089264406216 0.0066792357982804265 0.00744229864698866 0.0015
0.05208922916748215 0.05702195162877613 0.008531417514508517 0.005216791657056789 0.0015
0.06312349884216095 0.020757209773518238 0.009577198322884499 0.002877024901549922 0.0015
0.08108084425035243 0.05703198088713854 0.00610745697777601 0.007918268072287975 0.0015
0.056879135099417825 0.012623220012758084 0.00697457302820045 0.00716626339693838 0.0015
0.10048669691966257 0.08371605632816978 0.004649821956872497 0.008853200312281793 0.0015
0.029018145839663518 0.06569892771365089 0.008126135155555336 0.005828029464033934 0.0015
0.10367448984037564 0.06572813947511061 0.009181717072865624 0.003961826800081993 0.0015
0.06878133130772174 0.08175821141169475 0.008951913042194897 0.004456820939299771 0.0015
0.11409315134379733 0.049811148142509844 0.009505596019004784 0.0031054217625759643 0.0015
0.01579275490809356 0.01985667596492082 0.00819741341303397 0.005727339114790633 0.0015
0.07803954775350018 0.055146322820195715 0.007587446770416517 0.00651388144704031 0.0015
0.07787446259578991 0.008415088135084042 0.004265416851581224 0.009044679048050678 0.0015
0.1024689890271156 0.004951872695462506 0.00908871513040361 0.004170762193936797 0.0015
0.021075138205709467 0.016073253808897542 0.0069183663888050554 0.007220540596814929 0.0015
0.09484855533423471 0.004189784045643684 0.0027214456666597663 0.009622563768737456 0.0015
0.05666240908002081 0.024218597548320057 6.965460433837268E-4 0.009975711684358488 0.0015
0.06239274981876229 0.007548127992358419 0.002017653341599447 0.009794338925784251 0.0015
0.023180912396915238 0.06128237472568705 0.0032795628710612446 0.009446928991728292 0.0015
0.02281346153644274 0.044270850618657154 0.008259203192502975 0.0056378686243072984 0.0015
0.1050033426922077 0.019590185670438395 0.004377156239942843 0.008991134703202341 0.0015
0.02752495732597707 0.007594326942661133 0.008005847086390593 0.005992195960524928 0.0015
0.11985821851109914 0.012747155844477517 0.0018737703412346797 0.009822880672608687 0.0015
0.0693386085415288 0.02715606251851666 2.636373553228966E-4 0.009996524163171835 0.0015
0.025484604318466657 0.02967546772253077 0.007534710185368244 0.006574811208126668 0.0015
0.015532005271152456 0.02904052261805403 0.001796353482387434 0.009837332675390954 0.0015
0.07956862027846363 7.900908598980049E-4 0.0010612198919787363 0.009943531180665582 0.0015
0.026874613973917716 0.08437505840159217 5.751446922912363E-4 0.00998344672860677 0.0015
0.03942632399656747 0.056899515195724566 0.006598583172459327 0.0075139004595573804 0.0015
0.024556783940004337 0.07216566996794072 4.155592479543191E-4 0.009991361794642393 0.0015
0.10444447680567175 0.0569104312903739 0.0029376394594935696 0.009558779964306445 0.0015
0.04010234505359524 0.040133786517691165 0.007639550606047904 0.0064526945176130186 0.0015
0.06096320966607621 0.08717663595961454 2.2560506974499185E-4 0.009997454793721518 0.0015
0.04226747932636004 0.06736913023547349 0.0010162407693563992 0.00994822872167191 0.0015
0.061594694769260466 0.036093857866356174 0.0028123976774218984 0.009596375321132033 0.0015
0.11832145077500414 0.028114917544137665 0.007050632491244985 0.007091444244538664 0.0015
0.03953382413317378 0.08264770578554705 0.007673386060533947 0.006412421256124969 0.0015
0.0034563400198969773 0.0554140278297917 0.009211862671682159 0.0038912191043513396 0.0015
0.03392840664257174 0.04627334512016917 0.007874442671846981 0.006163858581099617 0.0015
0.01666770208972105 0.06423687352045714 0.004278656247336553 0.009038423574779393 0.0015
0.09959682898508504 0.020597442679634932 0.009626133788513062 0.002708790926898413 0.0015
0.11518418895154629 0.061574139190285135 0.0047445075388283095 0.008802820469258779 0.0015
0.10696018984798877 0.022377290878616046 0.006802088468014582 0.007330183658906715 0.0015
0.05751805750101855 0.07933638889212609 0.0034538570622400923 0.009384608217374567 0.0015
0.01102565424709417 0.008718824807481453 0.0071075374450641875 0.0070344091057465835 0.0015
0.01690693855497121 0.05798894099474262 0.005906341631384001 0.008069394558043383 0.0015
0.10642704701990013 0.06748854133299788 0.0026296250109895604 0.009648060546119006 0.0015
0.09390186306641281 0.01833942650853442 0.0075329743036906755 0.006576799992392652 0.0015
0.08983503916266773 0.05955470378530931 0.0028980032590702233 0.009570871282721253 0.0015
0.06855543962171676 0.04811491655117998 0.004569089936508868 0.008895134465093454 0.0015
0.11180280216236267 0.05893449642973399 0.004211726618765298 0.00906980478779912 0.0015
