100
0.24
0.09
0.0015 1
0.0015 1
0.0015 1
0.0015 1
0.0015 1
0.0015 1
0.0015 1
0.0015 1
0.0015 1
0.0015 1
0.0015 1
0.0015 1
0.0015 1
0.0015 1
0.0015 1
0.0015 1
0.0015 1
0.0015 1
0.0015 1
0.0015 1
0.0015 1
0.0015 1
0.0015 1
0.0015 1
0.0015 1
0.0015 1
0.0015 1
0.0015 1
0.0015 1
0.0015 1
0.0015 1
0.0015 1
0.0015 1
0.0015 1
0.0015 1
0.0015 1
0.0015 1
0.0015 1
0.0015 1
0.0015 1
0.0015 1
0.0015 1
0.0015 1
0.0015 1
0.0015 1
0.0015 1
0.0015 1
0.0015 1
0.0015 1
0.0015 1
0.0015 1
0.0015 1
0.0015 1
0.0015 1
0.0015 1
0.0015 1
0.0015 1
0.0015 1
0.0015 1
0.0015 1
0.0015 1
0.0015 1
0.0015 1
0.0015 1
0.0015 1
0.0015 1
0.0015 1
0.0015 1
0.0015 1
0.0015 1
0.0015 1
0.0015 1
0.0015 1
0.0015 1
0.0015 1
0.0015 1
0.0015 1
0.0015 1
0.0015 1
0.0015 1
0.0015 1
0.0015 1
0.0015 1
0.0015 1
0.0015 1
0.0015 1
0.0015 1
0.0015 1
0.0015 1
0.0015 1
0.0015 1
0.0015 1
0.0015 1
0.0015 1
0.0015 1
0.0015 1
0.0015 1
0.0015 1
0.0015 1
0.0015 1
